5468753
18560550
12533365
436569
11310557
30916329
6702218
27278427
5971483
5942693
37524363
26097493
29765565
1714759
12311340
10468147
36604290
44077053
48167706
292621
31297621
1621305
20352292
28553004
6766554
41140180
47805234
12398021
7344211
15024611
5840568
23537065
27437577
15471423
5244831
41940028
18882185
19576812
4718410
20161301
15078661
38053551
12600560
41813492
7819330
17650601
741826
22607146
7906837
5002029
10584196
16420756
9760634
13788941
7252150
13644464
39626689
28926997
19913975
53036498
30791421
42373643
36556972
32718765
36626001
7156784
22129207
11979977
29495767
20692122
302586
20692491
10454776
42083783
12950464
32317582
8426095
31786539
30929522
14507914
31012565
6559551
15110779
27952492
26048086
6771701
14372204
5889291
2328586
9887008
28134545
45050571
3887578
11902182
44321953
7697283
23640605
19293225
8710561
37601835
20493877
46312853
22214988
3663442
46463389
9350790
6631282
42489170
42475936
4186510
21654153
38306838
18996192
35038342
11873617
37235622
7959267
14581381
3529165
40182329
12456846
23784780
37165018
27829825
26998696
52626393
28897462
24037367
5567807
7271594
8774464
22367512
22220495
5475811
18192725
13123951
37192836
3200968
7084173
18267258
5830634
7543357
10710534
9471038
322512
13064887
12912311
2029511
6089070
16349472
10261231
11335997
44442422
25796258
35149493
16446177
2817050
35680916
30734149
39435494
52215611
50581812
6573561
42572587
12143302
26029091
37548251
13142408
35322729
766033
6881705
15584458
18848234
38916421
31936792
3349376
4195562
48524517
2320399
27481612
25723795
29594894
30211755
14152975
38920794
24514854
52868856
2726023
23841903
3575857
35932804
52612199
7293121
7010796
9689063
3850473
8993608
25190273
16364785
53167665
17655932
1975633
16081864
8107285
30472450
11983762
18017540
42307904
39235862
5083124
4744281
22301113
9169788
27792448
26561904
4629138
51336425
13286448
25147978
4291066
33729374
284888
30254360
28647755
50901022
20529108
7667191
717765
7463405
11147519
14505053
8182448
5700143
19286145
18753650
11658899
50192489
16576806
2477039
8102520
29087779
15351974
12690788
35183551
16068869
18069259
28884036
32484479
9994140
20790951
20498014
41539709
6408560
35150474
12407960
38236290
527051
36842664
5938705
38045952
3338331
7237782
56794763
20203881
15760619
37467403
34096460
27937299
17404185
13008460
6684107
21528527
23794671
44125841
8582290
45684924
15509283
18018881
4454963
23178650
5213914
47061226
9893677
13438712
2973615
7041573
5955880
15538932
50782287
37591451
30755701
40280749
14088987
4495933
27563594
8459611
56976115
6597839
15999466
15728934
22317712
23223587
821232
23887233
23663628
14241614
6702955
17649424
9525648
28936731
35513421
18524613
35038126
5463504
4017349
9499197
24824732
24529523
600135
5886805
29444156
11860006
33176874
8320675
30350709
34252179
38452173
8438245
53326940
20349297
39156015
14148847
24233186
19682848
44528860
38714513
41053119
45591517
29640317
2895440
24847942
4491476
14425911
16736761
505063
27654057
32156819
21160923
9334830
36579440
20004838
1320445
41726472
18542937
47262402
33130337
39947979
1536870
51467962
15021069
759232
9944988
20458990
20219326
11842075
5910165
54149177
7515109
36206740
21872432
672199
22203146
8063911
1414388
25451305
42490823
19070702
5471836
19703028
12303570
2582032
23847502
42784976
32200402
14267151
44577700
23399468
6386542
40859387
20853479
41525781
49433711
18393708
3918933
35182084
26941981
6532554
37141850
1582798
19748722
1721486
32232190
11943095
2616367
25691382
38604634
10161720
19908215
17043957
10297032
7189572
4931568
13720891
18346014
36556792
11281518
16702967
11126555
19408238
8912669
13840308
22926800
11483694
47723334
3126431
11607489
24356764
2203026
11425397
8527038
42069142
1450904
9340819
8815191
1291737
15131974
5753200
3212305
18228524
11078840
4491155
41918618
24097060
31243223
46116786
736707
13111506
20223399
13801331
14192313
19476015
16200080
11230167
14319486
37170804
8133010
3980909
26173951
6844576
31446693
22285162
2313748
16345843
17444251
18539468
16695824
2432645
4070484
40862051
17009124
43282570
7450109
2983651
2032811
8581335
8064263
19485430
26646723
5154800
22582664
17117465
13767711
23576371
6549757
29982012
29446351
27065062
54177875
20579389
7764851
7934865
28536235
12214732
35006358
2719187
34293081
38458418
14188043
24045493
601716
2695346
17517361
18726740
23983094
13147428
16661619
6379956
42428157
3453909
20153493
2922735
30059144
27564692
43272575
12030882
10853494
14998861
35999744
30592100
2565709
1036296
13562841
12218442
22171986
16449669
20239976
9724128
17247543
5021148
55488140
23868937
2389437
17343241
17614898
27425749
4997507
6910175
20986775
50502980
29989968
31542307
19398390
46127325
97787
14088444
5603807
2949728
5071356
49717881
8000816
18648240
1824725
17098938
39568210
46381945
1309635
52381456
20702003
30366614
35987355
11172603
9413856
6051438
251968
48470990
5941525
14309300
7782315
36696222
49466873
4650889
30210984
13117173
47286363
5449184
35552690
32254400
34213676
6335327
22295540
18820917
6342516
9550459
2899772
5005108
28554757
6862546
14097249
17438079
24144708
4262916
44833493
17673392
12045576
19324402
3445234
33602319
2641099
14151460
2914537
8727489
31344037
22713140
7810336
6247738
38810046
45301940
51868954
10243527
3614626
22512032
22242430
3762309
24712452
6596462
43814037
29491880
6384101
20621421
40829883
46139717
385215
27696407
6902619
28963302
21573595
16333772
11201798
23119155
39219971
9393341
26019664
16402010
14814113
7778977
1366808
37231279
43932785
21663777
3331209
13493113
3299324
10796169
15262102
8853097
12793370
40580898
52525554
40568846
44827770
30425598
40166870
32672303
38079653
27841721
46597010
24993682
6612372
27268636
20154084
36997594
39049869
8864833
12332567
19184999
12180610
4699318
19349711
28415327
43860021
19500147
15788956
41918136
30920279
39725512
7809462
27088436
2875933
45778253
10946880
36304306
26255409
10059619
33031629
11540203
16889233
3702988
690402
33307479
11035263
19566427
4351765
9601878
37651320
50229185
5282039
33009941
1098805
34845795
24717233
24060416
38836349
24387069
5938913
26286521
7971673
34123356
121783
16135742
46784687
7423469
36722588
3567764
10668598
32115757
19523334
11192738
11417067
8662692
40131329
44871371
6085367
47242564
4798597
29592050
9224654
9996422
7139245
1970890
26400007
311784
14632662
7832328
19048657
24539266
7528526
12452364
8365207
18867729
26183678
12904818
5282558
5796430
22666402
10628227
23600607
10972217
20107523
46716615
33108656
15007466
4829904
44716596
12091658
7181133
12654312
41581434
2275423
9924894
2904419
30556760
44700929
9866458
21057155
25561634
8655677
9960606
23049853
9851021
18042551
8444988
15958295
19742730
684041
2730668
31817320
20289468
9725069
34277162
7284708
6135763
7852115
16178824
17299399
21976059
25304795
5128674
8206078
19995735
17885976
28560
15104485
3658715
35599564
2731467
48627345
16849161
30254582
5920937
38850583
8999585
3331496
9577810
19228968
52257729
3623143
6501531
23099304
31394306
55358142
1590693
19027235
33362288
21855691
9238741
23281109
9701956
95514
27437375
22116853
45884815
10740079
11889888
25613436
30289321
1812797
1511259
11005064
4079936
363380
21435460
29048565
4949988
6058040
6927902
4013173
23431601
30963747
49814573
46680006
26909248
28620363
272914
26032214
19449740
27610610
9446835
12707579
22332956
5799653
14320728
2310887
5720373
46888822
39632249
40919344
32033435
20640166
33630241
23041118
2030062
48098384
19637322
33414057
42556083
35215780
23163945
1035729
4597228
52980383
8245513
13334032
41960848
21695800
865654
3660487
21694836
14784356
4596239
20665087
2941316
29666698
17441018
38460837
27641585
20909164
33808693
13358143
14990113
33702145
12364821
40951888
16644701
10151333
13951363
4158298
2795991
7766769
37398466
1732536
5522991
35772248
23981201
14860116
15495548
16754760
3382343
45939754
9295196
16248945
7468194
23894332
38578727
5663688
12329840
106613
3224438
3937095
27780508
2234537
12700938
20598520
23810236
11616832
14443459
10210863
26714144
28601444
36803658
26447733
17498289
26009103
24954356
22540003
9805536
10856906
6371959
28130190
19015223
7425518
17271881
9122447
44298145
38112967
15003335
30457034
21599530
8282061
7307795
23042212
34983986
34357804
16108930
33907693
14769724
2248437
11904516
3999451
23172496
2502444
18782242
27427818
9558187
4049330
7580845
10904384
3805059
6823352
21789997
35716199
12364531
4238468
12279401
3977337
14925035
41193802
22563252
38944752
19262498
2891789
16638796
20345930
12582551
2650756
1475048
2585243
28300789
9654344
35687199
26926326
12343791
5413166
21906270
11734938
8252580
22365103
18873543
12360273
34191635
5462403
18205477
2128369
14305970
5531034
5938962
27267657
37603465
37498862
20302715
21841691
51811256
38489504
14395974
7570429
100144
27754378
13784283
14892605
21087520
23502348
20627314
49622395
27179541
27648486
7163428
28208613
39203143
7925286
5949364
11949952
8227606
6646743
13089904
43927670
17073050
25649540
3785167
20603933
5735741
5114707
11830541
21865125
42876760
29129187
2340437
17160702
979095
6860574
14124465
21104580
12735482
20651270
28347186
1146888
2807522
30865899
34398134
30559015
46534644
8854080
10495410
36326782
2994371
28144117
28191253
39002766
29066423
35041911
20156749
6196257
35583829
29901664
23249728
9287786
15150949
37369785
16865505
4162056
16226817
32907265
20456025
45709848
15645029
8145298
8227962
9720460
30515547
1885015
40872388
4891186
17923208
15389192
4045635
38113983
28409472
56007801
12722657
10988298
17746594
4889801
26725035
9928810
13630919
10907068
18162906
53090518
3494833
1613604
40903015
37486595
8651669
42490979
9534689
13973830
11754579
10433630
1303289
13127479
11668462
8750928
48092779
18328052
5913732
6840927
25110952
9838852
16655436
31039766
2293147
28509203
666553
792566
31073486
15606690
320570
7523729
25531188
15825986
15291641
8078321
28420346
5843993
55253903
31020794
3104052
2426658
8596752
21100112
16187299
11983237
2684571
13477602
608604
28720393
15583174
15037784
2729469
7904197
7226499
17664483
37541060
6381573
18324316
1291274
9582383
9353574
9326409
15058986
35816121
40474215
23446225
11376321
14131515
5611123
19478123
332484
4510840
28598572
17398892
6341470
12354902
43765293
27939445
6815839
10392497
13433395
7032626
22673173
45607706
27827149
6729586
30190826
23059549
6014912
21800623
26413945
22259932
11117544
194269
26178720
30235826
11278898
22292623
34927497
7405728
230979
9146754
45812996
9195611
12986054
20666414
11866022
15311626
46108112
1661885
1139846
11288348
20245821
32772907
13138636
22005509
35147612
22637125
1622846
661389
18633090
5800196
12982861
20300297
52833292
48839425
27145330
22257454
17338247
8106039
23797020
26963422
4014550
14271436
28643525
13648272
20008422
23299863
21101123
10833917
33416280
10407176
3470663
20697099
26194126
47602952
29962369
45764625
51115774
27806901
23539587
15067168
43544082
33947723
35413444
11048086
11940543
23202661
5006102
9800471
5027574
14495981
42879089
14759222
894990
1180130
37275328
24641912
21180385
5030084
23239
5597377
22288621
53811639
26327620
33425448
28366194
20675593
8741668
737559
27226748
28986688
11317747
11044138
5618537
30648942
28563258
28641816
1972306
37146470
3876189
23603707
10690513
43595968
1768449
22468246
12433902
1327497
45558364
10267337
5393203
34061512
9636568
93466
15492993
11040673
15298643
10636358
26186650
44423779
5731316
22302011
33452034
37523582
30153745
5684254
6274132
17316942
22219434
7235789
1454064
32576763
25922267
16668156
4446602
2946657
2490289
7537429
28487105
4041219
24958516
50180929
4481771
1530312
14086215
1795966
45662427
5219462
31161681
40356840
10866476
2599775
6560421
26353020
19180374
13222515
12552654
22045197
41295890
24995982
20317097
20986865
46103162
48463113
7815064
41382810
21597686
502301
11498838
5655400
15294656
17374475
20492150
39862023
23370468
10835145
28467373
14326356
20703512
15999603
2775144
5087586
11932932
31785392
13254017
13087484
24888250
33394630
8643746
21156448
4759106
12685060
9018976
1181981
28514974
16528091
31092299
26572769
20962605
43032045
9105921
8049597
5371848
6149887
15160784
14869089
3435709
1602844
12438362
47735966
20047528
36722940
11602365
14990944
5947226
9838000
1677147
18482840
36475974
40963187
16699156
31252286
3846996
43341296
14008634
28877355
736564
12297772
40560150
13342415
13567354
838271
22775877
38145932
9443335
5407517
14535735
13602665
30883889
18345750
7998083
27117258
2013491
3273795
10505854
5073288
1497780
31983747
51051385
36154916
15211341
10299416
26758873
6157658
2935029
24710056
14676940
5034427
34912428
3446953
31739469
13670441
8854399
16758173
1432374
31203971
2013261
18462947
33315812
17909687
8695889
17133928
41484489
16111015
29880469
17903338
6500499
10448194
45596003
52591811
5131707
8974582
4202652
30077762
2756579
18071292
16219914
13768371
3732731
17700110
1890738
1952836
26081745
10154945
27521561
930922
6679400
177136
27176900
21023608
7619650
9981325
19348413
32412128
39551658
20330061
9957579
12352969
8714652
23156800
16139505
18475862
21190397
15772211
1397539
44771442
41996208
9354249
17007343
15040455
27261813
15698413
37716321
45206387
16570251
38577017
15106431
4309663
12279610
18170149
8621377
4550941
32991599
11649690
43161059
25606145
22910692
2083702
21751106
28546193
13071407
1465256
50419523
37744417
50727070
19016959
2420354
10347008
13072506
4422045
13199838
37821348
32335245
9060348
18371738
5235595
40028853
10387300
10099872
12588071
24660530
27824662
34102954
22040038
37052231
16579265
15097996
48762252
25714308
11181984
14274970
10258703
15943709
1522308
33257999
14124183
9094631
22884435
26716117
7787682
21528687
20851002
6951726
35325100
43016847
28075109
3103881
20715002
55813684
34456676
32745846
10094473
7141656
10360121
5579602
2212241
8019256
22544468
13348950
32339911
21602423
38846283
40229649
20915009
25225552
2300478
24455762
20291220
6202743
28006027
45005839
10104783
5088632
2553593
11688214
6208854
18462655
42696319
7463635
11281568
22004867
9822539
5041663
5164827
8772053
18947780
1767307
14395037
18767926
22573509
5928452
39589204
54846386
22127160
23265613
36409997
25802463
6477864
12921197
39446167
11168056
40273292
6667467
4539093
13103947
42929402
11840573
27341459
3390333
415611
15617294
22950944
32801328
9892991
28332834
36438602
20564858
10724400
9086229
45859853
13239431
38921691
34627445
21850481
34145380
31903034
34565510
28823263
5458338
11404077
5076794
4955088
10642626
5003738
47955266
32657851
10120673
42337700
11622843
3007231
2068895
24217834
429428
22919296
30744809
7779701
22918118
47509020
13785757
22263683
19242659
15580209
14878047
19599681
38165673
22096463
10166742
33840585
14905199
15743928
17813567
14429286
37889846
34992236
2697394
32002922
8227172
5374635
3935662
15389623
25178480
22161765
2947796
36791929
10266222
29334671
36458486
14671043
36612088
41128272
2712162
8372962
890591
14292916
21361917
46477633
8375784
4779671
47421980
9745536
8687170
48529422
7570844
43134525
22237458
1633417
36420859
20043935
9272170
40358787
10052638
36623045
26725005
33401695
8353369
20883714
21467965
3669708
6121148
11714680
14394979
22599144
9737550
21547303
43625988
30505305
24102468
30162522
4280534
44504521
1997905
18575191
4790738
15844294
32886214
34003531
8510054
19201313
16883487
19456090
37886003
18348062
12388547
11922529
17240705
5686629
16121785
32332392
10521066
6555826
32557865
31391702
22214083
5715787
2319692
13645797
9799029
3848266
25877559
22090468
809462
3431641
27908586
37104366
4947031
48840739
234267
17403775
39093451
8261169
21582509
3453728
14058574
24770013
32987654
7344156
7471273
21888467
4734317
5044169
13077973
24219752
30065669
30281402
150894
22742175
10501898
12223317
2186485
13156307
28465286
10753989
785213
864536
42119621
39834110
15572880
33923299
9432980
31054449
12619392
19854388
32582637
1991199
28778
53169335
15921893
10978226
18927831
36691744
28258335
17766830
48273792
17631801
5920446
14983422
5399902
11378856
1424137
22501436
3632404
12852533
21868600
17423679
742864
15030200
1809210
42013505
36015194
11315250
7741835
30345202
8523324
13546997
45544480
5402611
10836956
51617564
3283946
19880038
12296087
1497834
26111201
23666920
40417830
17464175
13334295
28523348
12171803
23020067
6312710
28681560
21938091
29719186
16753910
4372586
39108262
7467948
5170511
10046409
1522165
10088629
42468621
23043472
11312594
10446228
8910453
12385405
11010175
27629995
34612147
13444386
40461656
39433262
42729942
9937676
3215761
46172778
42993185
32201334
42845154
13702865
21663810
8201470
484853
20377069
12037736
8827243
5642011
15568507
6869976
17961342
48840833
16385398
5504552
18485950
20279187
31729340
14156412
29895908
32856682
25578672
36977268
30766852
15374984
19468811
43029230
6335888
6411177
20436060
21420564
10974995
13296605
4834906
2069118
40640846
21817708
11787626
42409382
35716898
6709836
51820713
7838902
6571818
28803027
46587257
2961147
14606948
12736416
5575776
270192
1451506
2615504
9493505
16586780
34483643
13397225
1435450
6107295
1453703
14614216
28047161
8405848
8511344
14395883
5087052
48776384
16206291
3770496
14709878
1796744
3269665
9459543
5271258
22301683
7193446
6927802
8138398
6260973
36971256
55187600
31469197
5571721
1671707
46994216
4812412
19261061
4449950
19510988
26056661
46756277
44331742
348458
36057646
24483008
21811111
38600103
20068907
8105401
40524329
8886909
3721147
5966552
28660215
3601836
31569456
13512028
10945449
33709372
30557536
2077467
8934453
8192403
24985985
366145
49371447
8413420
26725580
8611206
7024451
20053528
39075678
15925793
3706993
25049177
21146117
8028517
32276483
50098243
23826528
10134536
10336915
10749495
17023617
21574063
41453636
1220939
27083557
26628580
21929828
21454748
7189648
5601625
8965473
11225185
17625652
17251374
55478022
8506990
30504167
476422
48511013
13173009
2980224
5933586
5003020
12623294
16597318
16129737
20029465
2338387
20250852
22386296
8273419
15692228
28933180
10509328
25761737
14521110
28980737
32329903
3643631
39375860
32245128
36023696
26705239
10918789
12041643
6644593
18963461
1198809
10089720
38526955
17543011
20169164
33490849
4419502
44330071
14128390
768941
24905250
7042769
8865363
3353554
704314
37395667
21965901
28232261
11060205
50566030
1829597
17290860
34460714
27066691
16831710
15258814
26557280
20323244
24776536
11950842
3354459
33631700
20776803
3140426
38013805
6109140
13172995
29976671
11191378
25071784
4549087
20821322
7770740
39758446
42845260
36847460
24141231
21279255
17685362
11080539
30272347
44822784
35683258
23068685
33355592
6573967
11319283
42743866
32920772
25890810
13206123
6629775
17959261
10202297
12241605
45683595
40462654
9816302
34856937
32156024
5936714
17239700
7134051
42728836
12191761
1557899
51023509
51904109
15931890
25111598
31070368
2070556
2688136
53620858
13967094
15673091
33004658
22727036
28852945
1505488
190000
16948536
2541346
27643447
7844247
1791632
8029091
16265747
11841903
1444648
42222719
9635628
49818652
22246277
33121488
19943724
22253935
45899001
27605752
22596396
7296140
26724763
6828629
5530122
9901722
2491767
40347255
34673195
33664130
4510562
52519670
13018830
1554499
1988840
39531265
3256067
13863425
4568313
30064184
245051
12347315
13316601
30757601
155232
1052680
7294848
3660235
23944329
28377174
20462218
7459526
657223
33807843
44022837
22692123
3123054
27143460
4468251
8430967
8255425
5196128
77761
14542480
35363291
36845578
34795054
23872262
19097193
19252039
41805507
19214441
24950028
8924597
4644739
115262
15820813
32668097
2277041
796524
40638676
18108708
36074641
14182051
3797418
2069423
17476852
24787317
28331517
15426176
26917231
38252928
38909205
15812809
48389367
33790357
28520148
26910279
7991155
41655755
41444003
14568359
39523782
8284732
4919441
43441192
29055632
7076183
31521892
8980803
29603427
15940064
7300563
3531430
20637872
21249898
34213322
13971180
49287467
16949655
18407442
2550628
2439422
1955686
6352
1048785
1710613
10781975
264765
2610208
3013436
34115104
21426567
29000450
5001391
753607
26523228
11800504
20826652
10285150
3837813
38761725
51273880
56756292
23001304
1905900
29474240
12797988
57003426
17838878
12481897
44893503
10610202
2461760
40995318
40885681
15805757
29353338
44087125
2767119
22906654
40809011
20779890
2702230
2713442
12503238
20392846
2834859
51972859
19386913
10646674
49103950
8708423
48720813
26850349
3909199
35005014
3109737
6541375
9157093
21072764
41662374
4135420
24642501
35665462
9788220
5594080
25683281
12087595
40801963
13712624
12272284
29144216
2291225
33525838
8095981
2017614
12553550
38185050
18546374
16514456
24883783
2930632
37198570
20946127
27573413
22434045
34798222
5234821
24305015
16554867
22742741
42357394
43337601
17865224
22996462
33368003
11821336
373454
9394157
2102240
17599837
5870960
37742784
20663035
13230430
24888964
5177071
13271057
7085499
3725759
21922856
1189258
10636979
46812149
43492969
15896432
12995786
35343731
5968892
14726560
1490013
19733180
28138494
44769447
13519504
13994532
4573710
22938458
46925597
21252253
13135454
11229327
39370928
44829518
32425407
13845482
52277818
32499402
34985197
13764808
197476
2261398
6240403
4998405
4809929
9227589
35756694
2357136
15675003
16876715
38473329
12459750
7796111
7755808
22534384
56926898
22446874
30984776
18130054
2193493
6488258
28890961
4946117
26731917
10957151
20488699
28091528
30713246
45503396
31430066
2312143
22723616
23702477
8536044
37614319
34719511
2065818
5864684
28973508
4600020
27330117
26632585
15927170
31263099
734068
18515016
6394815
27390035
12506081
4297220
644416
1429928
34625694
5680389
1304455
41335749
26309939
46411592
33089060
5571240
4750920
5628643
28565571
33441138
13655359
40810994
34720665
4856949
368181
34547736
18754259
40713366
2780548
12617963
9956212
18855207
24106608
36769747
29467809
8593199
38632892
1973880
13240704
42546908
29436141
4268678
11084755
8767405
20635736
16818409
1771757
16685486
17326658
29323632
4355355
7968136
8162674
16306025
12307363
37625875
32025662
25759078
39744903
6819314
16618986
4005450
51761549
13623525
2405301
36298761
7762408
18824628
8725723
6640035
3035757
17679465
22145407
6590406
10104296
48869168
9339634
53844211
41424012
36990733
41634246
16135688
6418949
3016569
23953473
10534822
29514190
49740684
36371961
43427830
20873367
7036201
39979836
17668343
4988006
1225240
17911306
36231133
46404173
23348359
12744832
22759103
13005832
1196079
3324309
5869188
25716914
42125289
23353435
13228426
7211792
15358599
3630921
15513470
2836776
4092417
13847059
6451928
135085
10669326
16694112
7878983
52482274
15287813
29233520
14435675
15532572
4503393
40024835
19131108
5068549
28970340
26310192
2530359
3627983
25175459
33075826
36332093
5409476
7427001
8227693
6278125
5796520
9651289
30774932
22850306
24256482
14923843
27927863
6492995
8575418
4663247
21026000
7390389
38095512
18461322
15777222
54489589
28437241
22740164
8257791
19888137
7472184
31295744
14678105
8350718
1817663
14195236
19094256
40564206
3295135
34863453
23918841
24116929
9454157
5629495
35282092
21355787
44944921
5433749
6609194
10820033
11281403
4453722
21942299
17593091
38023778
17979626
30378279
418125
7391997
27287697
11350600
13634467
33137078
24550229
38717255
43004808
5675951
11933378
15085680
23166722
39211053
14934946
1112449
23859422
4042229
9396217
10546517
7677424
15895309
23334031
22477791
13547403
7617322
45565296
35680162
2786581
24507270
7281457
19174189
33196163
3524381
27387428
16674149
402217
11409115
14564935
7061378
22565992
13721595
34306434
24839964
11698132
39144038
21149752
13160176
40554833
33340703
26274173
32384123
16739054
1383057
47717098
7330027
35666844
9169874
16746258
21821208
867935
24055452
9478753
43575167
10448138
3014621
38964065
2179857
2114890
48903533
15512373
45428190
21747432
16899274
10910034
16270892
11513741
25860828
2388342
50132257
42952593
46158476
25456268
29431161
13752120
30750957
31094510
33711621
8929828
10423473
25400828
42464039
16009508
19405923
29072631
37793969
42068467
6004561
4147299
26290039
10543488
30020796
9321867
3338835
4509675
2166184
29313126
7127042
12066575
31918042
8312689
1111501
6237636
24848353
29088294
17244146
31330156
23230269
4995782
52914304
6079233
2302492
10980559
26785733
22226923
5227485
10737526
22540723
4651941
25685800
11521868
33897940
26714076
14002708
31240923
1295199
8806579
19933511
2948315
634744
21006110
3587089
5915799
39121322
34268080
15073811
12137604
15370281
49917547
2939349
17373734
43511527
1486130
27258873
6973248
4178702
7142473
1616848
33413489
27735586
9179190
9834475
25415155
30875588
22125848
764738
6651561
29708452
31957496
24544978
9119603
5127688
35610893
6514413
7745639
32968479
7868740
13685421
4324151
12326536
6170391
3879396
2392748
3579681
33037429
23927492
18109458
16823356
12599103
18674
917943
26157465
1051854
6400086
25266032
22117772
42630763
9577731
4606431
34778057
33751088
28105301
17162067
36714394
22093580
30655223
2282265
10422697
2229462
26632039
28332674
24775565
18444027
38962696
42707758
22142457
5347676
6851329
27436682
40328497
48334508
2266227
51529266
36563317
41536721
10439679
45919334
26689926
21352500
13136307
8333755
41822963
5651909
2125632
1348355
637436
15326727
38476841
11356752
12070133
27759966
7110017
12206886
40104439
32672765
48580519
52500379
17657084
5440341
9084309
44996605
12149707
20585443
3946253
39003568
31418724
31980000
27505727
4801203
39873430
29673089
38959436
12614640
9944015
15149480
35406796
2192454
20363761
19151722
32259492
17368614
2921007
1930145
27980994
2011688
2080391
18278921
21571072
14091449
19112109
17944341
28385192
13620342
46156364
33007624
45664351
49599595
20136254
27509697
27308896
8435547
8463589
7323671
25678518
3106302
17022685
32937061
37252670
40402547
9592964
21927180
334626
28127521
11960696
3484043
25721617
31104820
23643547
1104361
20080504
39262196
11999337
9863020
11366293
1990891
18081944
8974188
50647120
36477730
51888684
10993521
8803672
9973101
46224038
48987148
14800740
24571754
21609628
27443482
18954931
29051256
1627634
