1811041
77167219
18919498
102786252
151050818
121890826
46901369
48834479
85907966
157276477
61084951
7304601
116213887
2462851
10310436
79902727
139566784
1826334
175004066
155226997
126434473
75858358
15477557
64022352
59106826
57275698
10042874
26997797
92433591
60739478
136910554
189879153
129728054
91424408
118264904
8340279
95955324
42868665
93404523
30323938
9398565
89229321
121080573
142321375
91332658
178254758
67728733
77488854
134069254
66660258
96681553
140583623
93821120
101438402
61973420
49691665
168160462
29964125
7673956
244661475
77088663
211153108
181018479
9262885
49962239
210061095
212318365
138442861
72213527
157002848
52710207
191525483
5138917
30255605
32616361
89979978
26313637
5696284
33541751
85028889
2032031
208684452
158284888
44748699
49849247
19121874
89679435
940189
7886494
12495779
169839814
244359046
159581800
46752152
161659204
88085717
70589166
215638523
97443431
492354
79172935
17648401
64241479
33518118
11300343
54831207
18403051
60813642
499529
163768590
14730597
121356890
118019235
89967111
124136950
37050505
62762213
98657649
31298363
104287314
67832263
32797235
162592386
13128815
62356126
175894161
1461518
8929914
76843293
79814261
60879567
25491358
71248641
121512554
26004886
48706302
85689662
195660914
136607020
43174938
81781109
106829057
4678875
116578221
15602590
129695515
1318633
85071831
924283
114674720
31453391
32884348
152782699
188493110
26196807
159898412
120786595
128956721
6771135
101404167
165486915
134507469
82162527
142639251
68353277
96331129
74021490
68632287
1978295
13089019
43485597
72075293
50623796
159362465
69458989
216919541
180416824
121440144
75568838
132103369
2502564
38703138
130284678
1125685
24584524
36359857
26383304
140621261
156252712
183060711
97534553
48543447
21182302
129401587
143392394
79536692
12974547
57159711
84343944
96566855
137662331
65979358
159347505
41761655
136961672
137375171
114163878
52454116
65696960
3546569
28680491
76582355
182365381
130393907
122007326
10221209
84600279
3835017
140686918
52904380
93879917
121341646
93644733
8628282
168985581
37908470
191286821
127323095
161766630
125115542
53802591
17563919
88942379
44224070
129756392
6531606
16698184
40240213
1394784
158758004
129417415
16551762
29000265
210217232
60455833
52025413
68804780
143557002
156003226
57569275
49888746
76459665
13252377
205568007
83145769
33973526
110318337
22051783
17617842
19092904
77598854
92401459
115788586
190108159
237215243
61900667
65164990
101479010
71347395
194094384
176221388
123729754
136813483
1949131
147546520
33267157
183275281
89540008
10653310
48165434
70164117
181478353
32170005
146343744
127241078
84065863
74093771
145104317
47921566
194558575
59335378
62482441
102478544
127918824
20111342
81719415
93808884
56055284
206025565
110880357
9371363
193083348
47622727
22040411
210485182
47320369
121645663
28317926
77382148
6417429
57831364
221415689
48354273
5038653
32215463
65809436
6503991
211051645
8051815
212648820
2406456
83802908
32978858
183515085
24440110
23761575
79169775
127321833
83846881
3978478
129564415
55361794
54190945
19682739
110478919
14118864
85123086
63701388
57101951
75997185
217938123
7894278
46537556
166691758
13217288
48281114
183226200
149995508
106266483
46550190
25491791
46433744
240729061
98639383
252002743
12107984
106341163
206510017
30260917
221557690
111940352
85245368
957881
49873133
132973551
54864659
108127251
115489927
109773842
215791028
92330372
102190317
10586869
102560881
38401160
118922399
56772738
31753212
13635583
123789211
68579464
26222357
29569121
49787935
97891509
27772606
99619663
163769366
130835260
202082310
1185830
83089881
142992211
191158843
31191356
24784386
76987507
117633656
154183803
86809861
226681568
143847282
69293393
130443270
10003081
41185720
46007050
101792856
73089301
52331390
205660234
25297088
33988744
33713218
47537849
63560802
234580124
187255929
330669
188701457
3307480
39604555
45287045
115625265
16936745
85824030
48578233
47470355
72778643
60327280
72481641
64685741
50052219
139056632
19204157
56906860
7140572
77283966
123720093
190714966
76931788
3977491
21542359
105315055
216345262
60302725
186786525
18250860
205434766
240303672
189072397
206810804
139511276
144933275
12667141
192913450
84683195
140720684
184573
37029870
82077286
17031604
8102947
88236759
19958412
19493884
15611951
16493628
39096013
28767136
159048777
42562864
46361633
90971078
195206629
1408823
68111284
104213420
10154288
15145289
59245925
22362907
98332885
115785196
66659044
193535700
69016040
21245535
42066542
163598041
30668841
12936200
4766215
15294259
82960757
52406179
45368558
51489318
217037691
240907381
159059224
20182340
52557585
192385065
53803417
116947247
6190751
65541212
102795069
64410835
92438752
156698162
168087956
104188175
13744878
125142800
14261570
12730395
166744757
150295941
78124725
48789177
158293190
68275345
163332964
123488140
13704952
5609223
75049130
37567823
25833342
113171605
69582273
21558724
23251682
82725634
106182826
276375
119444535
25759339
20963640
192909979
36375955
94712227
81177260
26584715
1838082
94196854
43725516
74921765
31587571
154486331
17920224
67775704
86956672
34246807
49975197
19710199
170272425
10708827
195532124
53132930
182558737
50482482
33655992
155163458
44911162
3575853
89769650
164523399
10634540
33987270
17934881
214051546
75898212
40187656
249491420
66511566
89978942
193440180
242547091
106071047
59097626
24536238
169655350
137302
122851620
32081038
168496098
29483254
201024772
36446852
49400402
80580688
227217904
8915478
1636268
3128729
37934625
52024659
75397571
21190148
123302914
93656796
31216358
113606846
58239758
4945916
144905159
153509081
93407599
147639329
128627842
43016898
100792026
25392423
4804895
40958766
136448645
2173959
19055213
9594535
88772263
98769486
17293434
232363562
78887473
244584009
140159583
35184996
66956574
2014077
15450738
46792374
42527554
234997714
137086964
90806295
32272271
208636344
142179347
49858471
31349955
64047333
19803959
108670796
53655867
54686304
119776371
165859825
13916186
18298040
116320917
4375288
181359823
73921117
12677475
153476471
36730732
75570585
41175514
48878375
53807579
149692970
132014712
118049687
158630904
57355893
42517623
32288701
38958930
9410581
35840834
141354299
30927379
41212937
119417854
12260335
75114559
152078975
103868638
163092845
12941636
87417973
195046135
48595782
36982928
77476729
99794104
26633790
31336952
50622876
6264943
17958388
181409346
74150887
158525507
57952097
162307656
131355634
4409707
5948450
25635235
6738210
139905959
172991140
85310444
157424971
45049811
63904323
38411167
17468132
62481565
191271234
32233700
166930467
38348472
31876680
66853916
18678079
179133746
63566644
106520671
12390464
13646945
101411218
11691713
142885393
96329216
87158883
3346260
42572230
44981665
33462173
179277012
33707028
48908674
212770804
5091666
51142759
2363171
165612579
905663
81431918
24862475
46108482
117870873
110914500
13226031
74985294
170687022
112940841
126723161
91725967
188086442
160394185
255345964
32801201
38780515
77240608
118312039
188730928
134953212
50522844
124109910
105229492
92085701
134489856
147059938
12311011
164212880
15032418
40111758
131637791
193897496
127543300
138093624
10002025
144148561
28958438
59458764
222338779
106315257
47927518
2419913
127048899
26759098
23834224
58510624
165798281
47724222
86272094
47125016
52878812
151098262
29998949
208333233
43939092
62740661
190720544
2269424
255088366
148173652
196329712
26289003
47846109
142132482
14193026
216920188
47574779
232531224
192181104
224857762
9692609
45675198
161524418
61342791
159918664
26511865
118939900
114865627
79982596
2733249
146830652
110767767
104854316
137398498
237775902
34913699
96346462
103387807
136362831
9909938
109283270
89719165
19199358
229203907
22329881
112432908
160123667
486091
86358777
157310763
117743092
29149252
97317607
29916937
152784913
49597933
199076006
42183683
22562243
100469142
109344694
42933262
134061998
213614002
50583008
137211378
23916756
106929202
47295361
198001001
77010241
18424394
10458683
153041865
163117966
16890679
91325078
146457869
37016495
80429133
183380178
9939245
166647959
55358465
106493993
63504221
192957790
71555893
24025115
51729108
135628396
73998517
25627229
47993344
47476352
139079974
48293489
171017541
114223544
51412203
4026345
85074034
46165692
23263284
22259794
186568362
80595153
44971088
149319330
3220544
61138633
159348848
148187008
47537396
25417049
35629768
47798272
63385796
135184064
212432878
62847097
101624416
99908527
91723480
90970142
47635352
148012455
129179323
25306864
14740072
23999288
156628315
40157576
16033552
108659416
128349820
100412767
107089969
134361338
75813716
8335757
16799486
51916132
5956403
142095206
28345277
135070551
119416139
76962117
107723238
68954314
136535879
124827407
115072772
29517414
39263255
20398191
173762868
86959616
55951685
73319426
90865073
152035912
124482556
236349794
32423149
11728705
29615454
35187225
4220222
60256921
213906217
5844843
68011463
240628091
129833264
29867688
57115622
45964201
18978057
55221862
161973412
192808248
49296190
2564297
8700851
103747856
22670101
10058994
200098935
93470704
100311085
9076483
214078246
218105060
17527499
61197153
84701693
36098152
130855870
97648690
48800546
109606928
159875486
52053943
139833253
19016663
58303485
18843783
40212859
178004231
82252466
258377777
101158165
173282413
31063410
136322721
41613949
8402132
23546309
116352857
84788678
60946516
49666499
168394799
84258371
69060224
163390898
72302085
21344345
35875044
50807899
39619886
1167006
167665609
195516953
183980787
2853088
52673717
28224306
103131188
17554702
155870634
110417139
145233402
51866973
123438401
35509500
48632975
79741081
43871078
5678899
112754565
57945455
14243132
69232802
9288084
3599521
142429191
59769540
106581467
118474252
203646438
114541383
18676781
110701162
33246682
65370896
17821559
12008446
99460533
63146115
33343206
67704192
69324504
167143998
123249309
142667137
94520491
77205620
131657307
221519576
119398985
215046585
180480052
89429560
107261257
31425429
7628965
54624654
828935
52306907
173299903
79294460
12394887
78967419
159247829
151990449
99841124
257596441
39734663
6091169
28093848
35275159
133440059
141562074
21358953
165211819
131688560
87231233
49262872
37334136
97382656
189459105
71336568
188859619
165861244
62252253
28854193
44750967
92397646
21450101
172275903
27416931
159438219
175486009
169432713
55322568
168013533
84179201
12319547
32468462
18596857
88329542
20807072
185872634
32222865
156906163
14541405
108306072
79287914
90833230
2971445
95565350
179885969
18090653
161149685
56964695
103709989
54927918
63445222
104874161
116217695
113274108
182052365
23145337
131321734
22123826
15094870
80388531
120401186
39846629
225171334
88918651
83367996
60511
108588857
52443884
80910712
79298777
214326759
174614832
26521315
172395037
50691000
4347051
120136832
84970002
68026824
39035758
146142553
11396030
56894616
31941463
43581082
71687513
62632907
148617128
5704902
10692526
56533283
92710337
196743438
103854092
76167277
236740504
118713144
35904545
49988839
112030064
164442476
1664874
49989741
69183623
160891994
91841818
55812905
168646599
195542158
7105277
169165257
132483284
29263037
122694359
217648667
38829229
79076576
215149748
107444787
124428780
70987028
38934679
32764013
89073826
10642285
74332225
14859029
13332966
32984653
124615024
90159895
26683744
135634302
97896490
144437394
43429908
14840129
221336715
41181779
106940362
62286867
71629136
125699195
28210929
39496190
74802272
161239420
72364666
6348942
168014682
145069417
21873954
109809888
30075639
85444639
180408159
1993145
227890262
73728910
51291318
93340776
240696268
76264921
37966421
44549414
86369281
50589401
208323463
73128974
97968284
109982645
147428982
72487903
33458433
76074232
67694647
129413364
138515065
23542684
215319790
3403801
14022598
15252117
87063760
123762943
219722444
60237752
89598021
8599763
134454303
23669793
131271669
200310425
41709037
77093071
56466691
23863943
154049206
8299580
58040089
144122210
99935785
130290242
213338081
75637004
17867767
13736035
120604083
164891732
37667858
62731264
71702447
12576040
170311919
161739937
140042667
43512641
167570600
124718754
25540075
105272370
21491110
179138737
2661847
136162693
71788696
115058881
39882333
238299778
234536815
121668725
136843304
25203883
135417776
8117622
3280084
95156182
79953621
173308757
175358548
76059236
27618942
171445872
132508738
77337129
71043020
25738080
55160258
13035177
49005219
39042738
15883041
24302983
19658934
40169844
94871337
42515252
100559741
98129001
38650531
43032042
217057745
19969759
100827772
171931231
49390816
16711338
41813116
217500270
63453689
42060626
55734084
34155642
130521463
112312993
42469335
6781282
237526549
43611444
15159184
21467388
76010603
5633417
202748353
16985487
178968550
56118097
158007099
67543961
210250028
8270317
60461483
92387672
92264279
113838764
38445875
103710384
232715710
85403623
27083877
53612615
5579772
61158033
10039025
130815439
176867103
226600155
30081845
178245692
67887370
133580863
126360339
29851307
115702259
38993649
181356854
164265671
14254627
83105373
47206156
213259705
50537171
44398249
90892605
12427374
119837633
215741808
187683520
89050156
61405158
141784286
22786889
16774975
73971041
135002408
70981896
248293107
35679003
66145946
213933027
15300680
138889141
16232159
136852772
70821394
5920744
151354009
19707461
199095616
80505911
79214354
106094537
21151037
48785952
123505329
154971257
40317608
210637004
119938374
100201433
154649871
202497408
120970775
209298979
141012096
2733393
33152488
72081863
150612510
46258886
114279677
110421647
40744623
27590676
10183133
111935920
52615028
147690184
103455396
72789349
105832727
16146609
133961453
119575257
19186265
159149666
209554325
25914109
149589274
200200804
82654635
187554071
29167649
81132892
79286299
249397623
248118458
52122745
3056607
148101592
111521103
141047797
69730579
27624926
141295780
58645507
131047542
77892932
146831814
32390821
67442296
223134052
117325986
106911249
74839106
111755098
93797920
96770696
67414047
25381141
68342274
34323306
171191694
173741565
23724003
195209808
3751586
11081846
105188708
132201470
174825316
147424829
8481569
101178679
127922746
87549603
52004992
136803784
185463054
106154568
120821373
60159726
211896450
55049426
34129224
91039660
22350861
78955971
3842969
190809158
215825
95264985
5609435
1145096
175611897
44657421
140471471
88160798
213984768
71333318
39422013
72905725
59365213
70803459
165402209
69850515
6085917
24179501
109977081
110474729
141712284
109002971
216490929
43997195
117279367
32664315
120469330
42444428
201387248
37701565
91223055
16078771
146243924
114645164
59902682
122513130
44768208
61087482
191085311
23739003
116112556
181246228
83966874
119117620
130254787
94042506
25410538
182640473
119991942
81370963
46255609
18279454
168300116
207393552
22396813
36282549
11903592
107598459
87690981
192587539
4570247
73308731
94126480
71965728
171176150
19211490
129421141
132034489
79339935
168013883
211369494
174004959
3816988
223584028
109954315
198140442
18056123
91111718
20328389
18349622
67285309
127578978
44079612
55566026
120281489
187872166
18561051
86365128
206356810
52482138
52394895
5489744
25874070
182152552
8580913
97799544
46411421
237559585
31823087
29199097
3519932
174317496
47860028
148831870
67755031
196906046
118242009
19985988
89251101
11752103
29697822
35274183
50433508
118572718
72025751
196702556
24533830
88357723
162249847
197332886
24220509
61083751
164456175
89325056
78591865
60132149
130693634
150395229
116511481
68088837
9313780
152894365
44074668
218090221
153365051
211491693
66496799
76461075
83405722
9327078
76388831
23976779
108569216
141182810
219946248
83309118
4301091
96489908
51411638
66629748
82569520
82582891
27549396
119222535
57757661
93371994
203511319
80888184
48581806
111955615
17015168
6246894
58187929
3553191
13828214
221235068
64542932
79859319
230917290
10581135
60593065
48529460
28773817
15073606
68115527
188113135
89635248
93340473
12172496
167202246
84485894
55917826
2392546
88340577
112753029
96895419
234363572
95227404
119498641
171161120
40262689
69620891
76532616
134144566
103146999
35249160
27336910
179023800
73687360
157432155
167168118
172227473
30404313
74178239
39942691
88709321
61257842
8523476
129337305
86700536
27892849
147468986
866190
4578161
184373356
80480741
83312184
5043351
169264048
87171828
50079618
63197586
224672904
87543690
208739716
83573030
1593622
132196648
10473889
61320303
22383054
119459716
221456377
1325247
124646397
91261630
21749236
101161814
104604327
54300217
140892605
32452058
42026093
106414558
83307491
105835877
124250449
54144738
34348796
70649690
175414029
151259050
43383504
41587426
14109628
79665224
135825534
178626698
39148339
63602836
50147582
90662643
29834500
70910248
80225116
111743805
68052398
106765367
130094728
49272888
124214894
30763503
236351560
115785490
10240784
119391016
143414982
88252695
56430501
103773279
154472834
30315167
39650234
67202801
169774170
112352130
173221982
76358241
92809138
69543603
31082250
86856159
19941296
31919598
164614324
63800639
18068087
17519946
75401901
115901789
171764491
129818021
66501092
3777101
6366921
123174616
208198405
35257001
125902971
170620129
29973085
69475592
122492595
74114735
62542010
16628961
32096336
12529670
108934486
156326861
22608003
89529497
31886965
31110160
152817718
85526153
16208542
112858025
58307989
98309303
94258554
176056870
95681226
27474292
52926627
69629691
183516442
179641524
83658299
87593016
62120284
34546497
69191876
68579943
135182631
74476565
8407497
100608275
38915593
94834402
106174147
136344386
879746
24250490
181865567
82320129
45279218
56885125
61719476
137225973
197573113
28691499
37406272
19071220
103672834
17201985
120703672
9722197
125894787
147716348
89485204
12045079
32084547
119336827
22352431
56822487
149312354
52742542
136244295
5759800
41415336
184621837
159578334
98270805
56014448
123481257
3197821
23737843
120482424
11094996
120048619
34091899
48020322
132963183
9581475
53261384
39168201
123028175
49629040
17335441
83085909
42614101
104360744
9770986
25871447
53647573
95903425
126829024
39888275
20121579
184172761
63375082
80081832
50249091
23069418
17622760
63041264
237648878
28528332
121567213
62363654
63595311
28639043
242088353
120019703
13030222
111051977
80466792
94048312
85691488
116965933
238660942
58357670
116720007
53308796
64051424
150343360
95841839
59868176
179299800
193781421
43559694
110302600
70720407
1004704
197079334
69801873
185102222
87345443
34963650
39008269
150610158
53768855
32924784
20999994
111462792
19316085
3421522
69597362
106980619
135505815
65360460
73299341
638988
35521798
26865520
51389336
82405446
43745970
200349717
34662405
123992750
167377153
163621877
132955914
71345659
37931228
138516433
118524269
23265928
60409903
120276844
17830193
167924442
152174734
214912061
50036782
164057461
3641569
59846736
27110629
51266192
32396251
109873759
212127351
129530876
135480272
211538828
34402995
111322984
106550098
56262726
63514097
14440068
57688016
22705635
7006930
8423635
94148670
180001890
114457779
71470175
64134526
62866665
27447567
131702724
77764712
84217708
80256450
64086434
61508832
63414785
116032608
81525545
215661246
82253855
142790613
65896118
90263381
24816134
227439919
148570177
21195248
230503953
116621826
132847606
15489133
164579641
18716244
19068633
27289914
84742304
73677833
72393859
180144192
62630929
1572830
37762372
58643012
134983836
69815680
152676367
205270137
158574373
84490828
80024718
9277902
61271657
211665077
69990845
30896507
18444161
35243803
28427171
66800934
66190768
61848094
23727906
109353022
240307433
253283602
147296900
27186900
55067731
112843557
11214873
7555343
65472461
62797567
175754006
12718259
66706772
50292682
149554173
74991168
133030086
80164867
43235017
20262679
43876635
19245356
103876721
112463141
70989612
46986781
71142762
151235176
34862551
107272600
8797281
68224078
80997200
100155303
91321830
107556678
117807963
52906651
49145717
4594441
10091711
96998896
1169050
72816944
23029803
903921
142512442
183337951
117088976
2568061
61808326
197023989
144262462
197336953
195127801
30567549
124156614
78980587
147792598
41497062
30224218
234514741
135015271
141172152
124319479
51309224
1085562
27757324
233204478
85295426
75417266
47057253
56656233
116299436
99642229
153342469
4302539
238731530
174427979
76161799
53081187
18513175
54314939
82935101
45624708
16759617
5064338
71750883
49220748
89676307
136884896
6632294
79321575
96592467
164199840
36706592
90642521
45306220
89153117
122565524
72664682
72534405
200657
21325636
102979345
132722290
113632831
97398489
73541764
114600024
109038503
210225446
24637451
15332941
40215547
47697219
170586638
10688188
23947352
181656470
87381474
63214196
57999346
47810649
15981380
130939637
175593563
55875420
5243149
987519
83895639
62365061
188726185
90253770
24969205
155501001
49296616
182005336
127244643
33806188
135086095
12137253
45326633
56868963
1008544
104569945
93643816
24955094
126070270
103714159
169318362
41015628
10032608
150022736
90905346
43431357
169329150
33118135
12843424
16715437
74117314
35665624
113832972
7616488
105140090
3637654
30252922
202750795
18497295
156689872
200566842
181249117
4655107
23535761
14646623
105283876
124591840
31418709
199935387
49481751
63798624
1668875
87495293
220268694
163493948
191777516
98451529
57681766
183162635
81906067
212663533
129419955
63967876
187290741
23108720
12868748
241078693
80051588
51475958
198329300
49001843
87704894
161687112
175895598
174454719
75824368
46268344
135670571
207059897
34202533
201526401
30265619
14014392
49437118
31993701
93126621
130295010
182746473
219287148
101566327
45520692
191290065
18558881
67115037
19413182
132124654
40801314
236875968
37429124
35886823
28068323
235788855
177389307
50922949
75818318
77767836
99357538
70824398
19566766
183384154
6487959
218656276
48635897
99404539
66005610
60053604
27541683
145174204
72270167
125096140
72949613
151707687
48458767
35559364
166225003
62029343
110560975
14539567
12115287
89430225
67469592
108919260
165845859
21688348
4975790
35534437
217911585
61322117
154184288
24498864
78246100
45429891
180187727
18855459
148150079
173016632
127631867
102363501
149942245
33042577
48446677
96962022
62535723
100459096
148452976
38278032
44728017
89996255
41707386
73608971
184813782
13844439
199714412
130165781
42889046
26511244
21039622
169154627
87236645
77293270
180832329
77876022
104739117
41673625
42815395
83525226
49616892
151449211
46845302
128948315
175811649
134143905
34948382
21279587
47008595
77849664
94772984
119004047
20371303
82342790
10065850
139455237
93058213
86713635
111414438
67260472
90790328
22208397
79942129
127305406
89516644
117959667
28669385
54699083
67248897
1510944
1916678
143387059
11896574
118579253
16543970
55822382
149765199
44686065
13912609
137384481
137638797
52607428
130805805
45949326
178819360
1065566
26337744
68798963
155174397
10950434
17459962
133092648
110657177
141403532
193876335
177033573
62131445
105720710
67900016
155538404
10304557
172491377
59685036
74314475
121364257
44347829
167237841
39220734
105518743
30262698
97666802
236934383
41381011
223176214
143100446
106743034
207342576
100451603
46185751
125451307
157354253
174711371
3008407
100339255
133698132
3139901
41771896
7983279
117665473
160824018
27665772
196725973
60415062
42646104
65607738
142232364
30108311
46229271
35496351
19280396
83729584
110932786
92408117
44804323
105416374
97923911
21653379
27991382
147797967
71391040
54121340
37562864
81498319
62669386
49274916
135021356
35786488
92146148
48283722
5481301
62140185
328471
119820627
71278278
171190824
58686000
138358531
166095163
98558483
37626100
13523194
49851764
31508515
61352650
22134802
9016415
95878205
113279482
57350380
86636347
110313753
55989387
16354437
19876257
8347918
173633872
120110710
196503417
78426373
89605619
46424733
18313550
59746637
26944301
51860373
25476454
1518170
71464511
22956720
58005895
181803916
95942186
151980339
72106861
69194799
116588043
126497512
143970721
129469900
16649225
14454698
117844419
123073204
143340628
70190465
29534998
83545396
6053801
70500865
185497571
216517218
113622825
19800076
140754270
131015279
76481808
128689739
103437486
112782600
63154289
94303176
98619911
100528026
156227474
152419164
3940713
231623929
55732787
27232287
7196938
244518322
64463779
160686693
80055712
112718172
69489006
13935365
67482018
28237821
7513352
104647121
45479862
22799366
133459930
227332889
228125567
112499510
227714796
47278597
64721186
72917807
56142353
88196004
23820180
105251320
126915710
21770383
159935120
81068687
32375478
35768429
45142631
217121464
73424491
16726771
99780353
88562589
26528695
80181484
80535381
198402653
86113108
74764572
5801043
73677462
24490434
115491568
69469276
63550595
105198213
132344199
207335380
112605320
54472702
125401359
44253157
189158048
89850776
36745306
107662936
66746820
24674494
58523041
18310300
83834704
18965214
116953456
35686850
62950210
142019419
69683547
19010700
159580138
56473628
8571880
87048083
75851932
85151761
59142768
55347701
120969229
45342100
66893490
151816587
136585815
116321680
119866423
70951972
8588491
229414054
87403417
28578412
134555997
162529162
24348970
201883890
79159206
123462323
6489367
101114151
39078181
106215288
121129921
159584067
6065265
154913754
136988223
19574939
130016245
18563064
12411118
172339174
66865552
129524246
118027049
18264132
25128783
132547381
31285490
91771459
20053578
15124339
96032007
29285991
46774766
102362815
145389177
86154603
44382139
3325268
143035980
38030464
25766616
99285561
9356424
55456176
92702126
147308179
38432441
61415829
214370612
73648634
33095383
27854815
18236225
32950146
174000166
134708835
77000792
123759151
97467597
195148110
12117022
55789440
49887388
59833118
21433265
142379747
3812178
25437398
136514401
156474029
151563529
169258031
160045805
138908081
47537853
114718321
30638626
101940171
157995998
128571313
46791265
223021169
15311239
104534061
89207279
117889165
31253570
54298395
64802503
89435743
921285
69857892
151904036
17309853
110208668
176567584
63171122
12527520
150252886
18292447
106886035
57515430
34973766
40964300
21118530
95447560
223566024
80381425
53938193
110249291
121871344
184064115
192311545
39680473
83906736
48480054
86564473
163818432
42006679
115184967
26286416
184877107
180206978
37295491
172729737
6558753
46018403
159518448
76677537
5586109
13587652
103343859
139931074
76196680
62147722
33166736
235015759
165022249
115494170
184211683
54119705
49840678
140772832
103359736
131833231
174980953
23156114
126010114
53750667
55112027
142272689
110949126
101600123
150846460
72697334
97951192
26082349
13150880
42175991
122123704
6259347
113436099
77709536
27249477
49045019
118411214
117496536
112248377
87846442
33524585
140191882
109410077
88137425
78760615
86968877
63245515
156352064
177215687
91650663
203754382
30230445
27662910
44572990
2980730
139219597
53074730
136510952
52930218
29681239
162902547
34088417
185320406
115850187
108024001
89173862
195277681
43385765
172420020
232410838
7676226
102219785
23972305
93438986
211959478
124610920
14836706
8663285
143087836
60421409
129871377
169503969
170375110
43796221
93330126
50270693
15369752
87711324
93870979
5629279
38499827
15457525
108899099
102919335
211783189
202389103
5811909
134014701
14993627
157730125
124047207
72569630
169396046
66253923
151201329
26280389
177551505
57629167
185615050
138488402
145306044
11198410
46787635
112522732
190129049
135595914
29842582
127438016
254347266
71074204
72163384
51181703
55281993
33741376
20610656
55905607
37621105
80850669
195573448
161464708
48120868
1672609
32222398
125062840
2549702
99369161
131002159
61748139
151931906
7963572
65087467
34484067
126687407
44944641
126457626
8121941
21412851
36908501
8497120
76429346
27146986
183500148
193744482
84184463
157241627
14519718
56537472
155709492
182287244
26495456
1189424
