24247225
10119644
53849029
7963735
3714650
19662792
2793062
4453870
47402298
6296205
25085311
37611470
3132333
52997645
18229033
55150941
19064621
37811449
29138257
33513058
40238761
4040841
9572097
26603068
25627852
36888805
53495539
6837378
7961629
2907771
814670
15195125
30032440
1227595
11635310
20585977
26126536
43133210
17154915
4690242
3567822
21961018
2230387
7610585
45522694
10041017
32074751
7547472
52291852
2613936
1811430
27409206
28995236
16009743
29748929
12400095
10446342
3184976
10921259
26760943
3271473
4844288
22783489
10217209
43952784
27070447
14731880
5158902
12800640
32374629
7010492
25440240
51259869
15179053
20108286
34963948
44022547
24540833
15564005
42020898
33759994
23076086
15309014
14932074
44155153
25490998
23832261
28382061
39982465
33885807
7817041
28824728
4325236
16520619
3861643
12826172
11569822
13945834
5634129
47327142
31101347
26620623
7738954
2652856
8670884
2803206
17143805
25954215
7450097
28867393
840091
618595
389559
7234536
3262602
21030907
5201480
15741458
9831884
40238180
9149701
19500878
30359009
5411878
42511641
3943941
19321979
3487493
32949315
1343678
14041333
2410305
30510662
25366234
18574940
40125397
12743464
13067657
1494698
1128814
24922185
15127127
41652255
40616719
37420672
12547975
15945024
24295248
2382908
11527477
52296819
42894498
11961122
24775236
8143508
41799835
27564489
7619922
40701130
3254445
53157542
5252420
15661327
26374544
6889883
19537321
6734188
4021343
13722234
7320068
1008289
2301839
36572546
44482428
6723304
35311859
50147236
28351058
2293110
30889828
43200912
36835682
17450944
12830828
32035255
31122417
55083546
16510882
27386103
12579653
26854350
23811725
15156348
43432972
2032079
34026607
32543150
6475661
24514939
39070967
24867858
14583984
32245527
36705740
8734323
7659463
7674157
22437417
1119716
49093744
30024831
28502221
1612387
35773756
7717084
18572411
37721107
11848200
27043487
8743396
38203235
22092303
31077401
14015811
37644840
15075477
5045604
26992129
2262021
681438
24381837
36911835
45407908
36074820
28402419
42743788
18771554
24546179
46149262
1539795
14309783
20064899
7628470
26657715
32197749
9887311
20350478
15796920
29859945
26074254
7290596
30147834
3170265
15250561
35953051
32851311
36350511
13119299
10896411
20792455
7876937
5097472
21244871
13998044
20330605
6203976
15584483
39598863
7882376
28513570
47304575
21529944
49047023
12337600
28185648
14628546
30143954
1962496
21523288
39328597
1416858
4486134
47257860
31329162
14997338
21498177
22148500
36992662
1381418
25817516
3427417
46272068
4392134
9059813
11538830
4759678
22677939
12007184
10280101
11773234
2932702
22336159
20388303
42008363
9902280
30105012
10462625
2212231
9838756
22758372
7746387
2246698
882789
19059450
3989846
30541406
17613987
22356425
16798280
32545875
19730799
19536849
23994361
13660848
6989436
22900520
17560970
35557369
22795017
1983393
802536
25247287
36490935
211381
30673558
17607931
47526429
39367634
484222
12412594
33804726
7984811
17550215
360057
26207677
26422527
28711858
1663128
39737769
34035976
14983562
16017205
10869272
25634342
1435148
13701457
7938496
9182448
47333279
46449688
4100524
28531595
1949721
15267433
102796
6544268
5720062
4043432
11106314
4198314
17793174
27332735
14044566
10070423
11519060
21087903
47687818
43639260
5403915
23830801
40367125
20981440
5069945
42021850
32161568
45033207
6658868
8574072
35986022
30321782
30872265
1140292
22000260
7684328
23179194
24821802
34861113
29106312
16524411
16291598
7089201
27031327
15747207
23877608
38240862
36899704
4277043
25017926
25277627
37913316
44066394
9562178
39384348
2623057
53290837
6083621
27578510
14185579
37280169
29296905
5018208
25099838
40162465
6509683
23100064
4558146
3576547
30581153
5059630
13152751
33460754
24770
6454844
43056380
38229162
39580303
4309870
15191150
15657577
5844949
31807071
41985423
19746968
25670393
23099622
9370262
23013467
15685209
21779793
17786443
42423438
21872829
2973113
2847953
3946867
4859706
28455367
41129367
9368703
16033572
5905113
31801820
5276457
2760800
31609395
2238922
2712310
20336795
32652720
3858873
17277962
376434
31189319
11286802
22183026
22541849
10803322
42430033
51405269
24425944
45998254
29124713
34146189
1488908
30686018
22906825
3087698
27037990
12315286
21339897
24586611
38881733
16887447
15596687
22301622
14811370
6448661
5253828
31641302
2666782
9945679
22756306
6457650
353211
44945091
31493383
9579561
11167351
31639226
23044485
7620511
31806322
2925863
20808450
4452573
1565273
31428174
7237969
15477449
37127024
29540764
45203966
15318036
6128087
7625660
24136221
6396253
5709775
12404691
4738271
31928632
4551852
30597025
8661523
21290695
22445376
54092551
32847867
23623026
24008826
28451704
25249985
44639308
23741150
18135810
3503819
27669
27097516
1090017
12703389
5351245
27037681
1622226
29443228
13256307
4755905
12309907
20321006
12880876
5722313
42816939
23263395
28734192
27886458
38663773
24527781
13438106
16160828
21400672
7010813
25223404
5636519
25472877
34814498
15425096
31373058
17219423
7693832
12788235
37548635
4317912
3574922
47536779
19707206
18084670
3527638
26008146
15981143
46260038
51676401
17692820
6716743
14980828
6407427
2743210
27246127
18006100
14144321
14814709
18256155
3512427
33867928
1100920
2478045
47696042
789574
17846250
2013572
12022299
14196075
45958820
1538055
35434341
2685624
38612372
13769572
2408394
27083387
21863718
3979523
2029513
39117614
3763447
47994955
9312794
22185315
208321
26588556
3774758
704846
15129590
10520490
11202476
1813879
48503667
19577182
84357
3758456
5871064
6383647
25119965
1121311
3326420
19816514
55386554
6266083
20463082
13227873
35552235
55567558
731580
18947022
25869281
8346230
10907198
25023596
20303795
47744491
17497885
980635
49130483
32584933
16239442
7720111
42649551
2464878
45945112
17491995
29972171
19536561
31523639
34836152
8439450
21812430
7253624
9188232
17144665
11484382
32422343
4243743
39361378
4968385
11402379
54465393
22665429
31401028
27158126
1926331
12948193
1596566
8476879
2393645
9105653
9005606
18353033
38710820
28239863
26337777
25108479
702647
3413394
30173255
23846150
7259228
26230621
16058247
2413450
10527794
13545993
4799984
9454490
42710634
4945025
36119726
4499533
12936588
4505443
13160464
44765435
3630964
14880238
20843994
43770663
15755491
52609781
9588082
33923669
7703423
2821242
44004404
23653470
9453467
12484975
18209746
4092051
51833469
30485671
18934599
1942200
33670830
10156062
19619108
13114267
37820359
6703608
18657475
41131609
13714609
5627130
15328674
1300852
7151731
13991435
11985434
23946560
6588546
29799992
43601493
5762029
19562485
15205675
47940646
12289057
3001552
2853198
12083454
14428681
15102475
19099053
6401516
11924731
19761143
49132271
18460301
32474543
41396353
10164982
13353926
27307277
4430624
5183857
9849178
1919078
5476323
27606293
6618609
15357603
20992466
21797792
35228501
7824543
6827342
34903933
5064174
13733999
28245257
12894346
14945381
140127
5867574
10907376
16203847
13717022
3371572
12335473
10473851
26724002
19655723
8382107
10282686
29605746
19785814
40752733
1955165
48788728
1631850
7708965
16155088
21401103
3854562
9138226
5418079
27381491
4544305
9744021
34394420
8409443
9464024
43325734
7725348
46755423
12747483
2720925
23834195
6723484
3285304
17772104
3030648
5278436
34172345
18338786
3927973
45356055
16038585
35102202
12630873
11820963
6191945
15669052
17639310
15350671
23526515
11829552
51616254
12002729
42090447
3079274
34358177
840558
50032614
2681006
42379594
3695420
30708734
6730429
18389687
6671346
2349647
19555285
5138112
55757547
7046827
7118170
14825527
41435980
37019878
2596058
7689450
2668326
10116238
12915439
20374267
5339169
26430644
35841532
4907728
1260271
18371336
31042833
47855114
34445898
18076860
13606695
42059546
9632318
16868303
3129584
16043136
14129089
6473172
47046679
37084477
6934508
10292443
10324161
14444050
22954199
45962141
19922842
5813367
26409740
35048222
2246516
9812865
17692753
15369578
28823890
26880275
9450758
49587438
12855710
14110713
8163615
34294690
2341811
6846963
12348671
26525987
17942155
15151076
22663847
10399893
28828837
4734327
43097586
35906455
10287726
37661908
14762449
4550828
29752721
5803166
28103071
199637
6809800
4020404
5537075
33245761
40483422
15709142
38388578
16152567
30668179
17293074
49269118
14139738
11233130
42748079
18535538
50867596
3025015
8414354
18837184
24635030
22760292
2864092
19368351
11527911
6906427
13425920
23406206
16529937
2758257
7670298
19731944
48220357
7788899
3813474
43510552
14884947
19409732
16875168
10427061
7598545
40860609
52910875
18336284
10683924
25403049
25282496
17345066
1356098
9979820
11500304
9183488
30745815
47454020
23967797
35298626
48330611
46703279
29738121
25475207
2865049
33796953
45768198
4666066
52113800
9828748
19702256
36211908
3405926
23031758
22138126
684292
8221349
3639746
17028694
37549502
40599072
31431641
42310801
7804209
22487949
22982738
38496978
1676146
9466757
38836115
10966342
52918288
12929313
17537875
53312512
1082356
6981481
28572459
12339741
45193999
781725
26595133
723841
54487011
31769448
20382498
10779583
13328025
31221088
26272437
29164904
42852023
22120627
19391676
167622
15894923
266250
34896278
13949449
9562514
9442047
7854981
14715354
10991364
13999274
10158421
41552266
31332635
27750772
19616197
1750628
10375145
20873844
5893629
30203336
6177572
43500884
12317630
4133880
23932146
13093263
11094222
11655962
31779701
48573137
31698151
2049271
22795956
5258476
30992182
33506803
28572565
4917461
9835198
36348099
9237514
39179515
3035198
9827959
3453952
3801446
25559675
11354111
12422043
10154441
5612082
20063209
9099737
23700392
33685451
18906213
5357729
39029154
37019774
47815554
33669917
9050673
3992686
50397034
8802052
2030725
29280202
6298928
12662906
15831190
1032731
14385872
11367014
33593271
14454646
5710393
1184484
8368473
26824775
6674003
26502346
23062756
24042062
16071062
6688691
424708
11261377
5136044
2890176
8740479
6122317
13525083
14379287
1857576
5591913
14578749
2428173
11094283
15708492
41963608
14251684
44828112
13446323
17732913
16728500
23936571
23239017
764937
38734372
19760663
25022259
15745498
2869781
6408382
35786390
11655969
7690891
37521499
23132759
40668834
16346541
1176992
4009627
10366448
50162392
16657397
6936894
14617051
20282165
23578573
40956647
31639685
24697320
10836218
18154249
47195744
5941366
2530510
3352162
956995
13164055
26365418
40438085
41390525
26232308
49412820
25543026
20560660
11954470
8859948
32482205
11626555
4961872
46179510
8759928
42453844
4001991
12371735
46619198
16871181
5721223
16753174
13937335
795761
12714938
17191374
14009778
10153288
35847163
3410150
18897655
16331790
30198934
16260557
6249899
17416952
26193059
4442673
15668649
14214592
22594842
42825773
3445574
4445204
16859197
28560291
16994905
46130162
37024960
10462382
25516366
16759620
34367916
3843459
48129640
15042869
6551711
1752313
37090061
36951269
4467193
16017241
17043421
42118211
11295046
21136671
23425794
773531
44013390
5592536
41948172
943940
14471429
752240
9848672
16470115
15286602
5516075
27102418
14511932
13447353
21907245
5127073
1264919
729221
26666415
35562720
2558627
14007314
20437138
21290012
16973308
30039061
42885151
4416818
21464243
33342760
48829402
9747387
26230267
4976668
4925094
20550011
6637535
36616380
12783334
33418767
15276296
33290122
49844699
15757707
40162633
2841441
20859183
3869587
19491520
33684624
639313
27797051
18951481
596664
27983358
3764843
4809347
2201620
22772219
15573091
9838581
7839893
14926222
13807222
6805819
7890474
27735263
3418649
24040551
20325364
6333431
24082592
37141121
52588436
10779128
4769345
23858724
33768590
2403935
22653180
18000794
5284471
18964484
11773425
32774229
1898612
10593911
13201843
11761287
5596562
30899638
41039061
1973054
38429669
2000174
2267664
25084533
5192795
3752223
20587860
43010050
18890572
13070985
11783124
10554108
33903984
45582948
6532131
12302785
37722141
21308262
1775453
18469127
252334
25077902
24062987
1545725
16383907
49065355
5616553
10654960
6012186
24598083
11809149
4959792
5938248
30639606
16031423
18900090
15214333
3448989
22165075
38248535
2863648
8012049
2044857
1973324
5638813
25866177
18662723
1996814
7792431
8318974
24994087
4022889
4934365
13844567
9458978
3123035
48539448
42167443
16696742
48737779
30947890
1083459
5636640
14019478
9321273
45799868
2807741
8423121
10938974
29467545
32613782
15297280
5473947
7550794
6502199
28981159
575657
5421681
7925807
16363837
24212590
49830142
29695112
44830524
37178549
36768648
7598263
18379763
2890099
8059327
18713165
9540504
45644456
24249491
22190243
31709986
1120349
8650210
17431585
7992377
27126001
500165
25374392
18103607
15829944
1702814
36470156
17034629
17414794
8997148
2306015
44782072
55644029
12311102
36706147
4197132
6392780
2047205
36625053
1986141
9066732
28986776
14563944
4720107
7223047
48906924
37468932
30317892
38143733
16314229
7062671
1657554
19354125
16432983
1509904
16664359
23910812
32036513
8295994
18753317
35346187
48252227
37675573
8699807
31197205
3047819
19212608
23483091
15777803
25079421
29711875
21778185
8561220
9162939
14826889
33527834
46695625
738244
17654736
40730922
20947122
19720200
8302319
10803809
20274894
35086977
14698326
46679482
37763134
9665698
18131724
522375
18467222
14593594
20358784
49674460
35640755
3334909
16500481
19223334
36393717
41562384
41998865
1342055
12754888
14143589
4246855
19626348
32956848
2584128
5464604
2517933
2404517
34405129
26628029
37737267
12047575
759769
16645104
14622358
30476969
954206
1209745
14489709
10999527
16385178
3350034
16969997
36293023
4710328
32228227
23811007
4971692
8284571
12792694
26205020
43026142
2086905
54356180
35879216
9840675
29079677
18839986
42527203
1372831
18582331
18449211
6087784
15930284
18235626
22978951
33311618
11683913
27985758
2011998
3643998
13781046
13855408
15202291
35357067
23486516
25389190
45878559
13783100
4697334
10460776
10988479
17407017
32445252
4071953
3697223
2249825
4142906
26641978
14695006
12229634
36357801
14490062
478275
30659084
4592196
12007989
38016154
13515608
20501539
22206079
302069
13430707
6521022
28660716
17272537
5908989
26267481
25671439
37853795
22421788
10394496
20439759
36332423
28804290
2435930
19551980
820922
1559070
19273912
17904650
40918828
25896740
32459902
10980822
31624674
23856102
6620500
18985196
41325420
6146703
22611727
4192995
31831442
32158076
17015426
3642310
22477196
13056594
14976129
25860215
20985626
48647169
23371781
5908370
19842553
32015709
22467618
2330208
16830455
273318
18169085
14519767
19847363
33306597
20462541
21373624
18608992
12005640
24438941
7020429
10278607
22217106
8910213
7375364
954421
5709842
12913024
48553667
20655230
43734214
95670
15766089
31572472
36473134
32051874
40575377
12147823
3447863
7153308
15650763
25418498
27788660
270582
29419272
11795397
5544542
253509
9296095
15321797
18069059
32425370
27503628
948489
4864759
22067507
9236493
23112437
4234622
235848
18112414
6007571
30998430
16577479
3269022
45501238
8527312
34219801
9057687
23001102
26270330
10603429
53868851
27323226
8830138
18851088
41865650
18801005
14271172
20245133
3258528
14176631
24033416
4695245
2197568
9002762
17758783
6019961
28668213
45433152
33241960
18143019
6823746
39716452
6182926
32125714
7145829
34373097
14069553
19347345
17385979
23798006
14504745
29725745
27548033
14052477
541389
14317554
13630752
3716730
4311910
14694185
15308418
17772358
50908187
9876005
31983164
40011162
4993591
5001713
24441792
8239660
36040841
29761758
14548755
24649104
583448
2824075
23145384
15483114
23648937
9475177
2861995
31341572
30351703
15857956
7845174
52477835
6070938
18824948
3112877
48288424
15875158
12346129
38774943
7205109
20710440
40182054
28464497
3156935
34032763
29990296
17939499
29837602
10351408
22515670
36375982
16883730
15820469
12304908
11925848
17325136
47444538
2273883
3947400
18148124
25087689
9716354
40061396
29093723
45817564
23597683
35379283
22167458
41495294
14010357
565707
22720390
17883082
17228043
10090683
23098329
17185211
20537078
44554468
26130955
6628180
27637388
22802686
5364741
8782341
26273130
24673884
24215018
35152146
3270290
6073011
5201018
6676293
31690049
11264272
12422024
36945391
5558689
39385512
44405165
34052915
11991425
19532167
16587742
49019468
13420522
48396882
25503229
7333452
24733486
38507397
36443522
7366010
13149386
1403893
4980850
22740599
24743921
28144011
10061286
9068118
17238477
17147144
20402845
39445908
50548092
29462177
23011478
11601500
6318269
716230
22658738
38837742
23592788
12033912
46027537
17906173
15181302
9448584
24765205
23239589
45113698
48172372
19700128
48922034
37032429
31194602
31522857
4246831
10595757
22781372
11955821
26689900
51825128
18163474
19288518
1142637
10257438
29856715
49223326
22084362
12287294
42981446
8443394
21814506
689736
47812842
16860650
51197692
17418928
26834325
22002184
1565986
8993160
33926543
15165829
10122854
2827648
21945467
6099243
34296753
5851089
4028353
32895913
34040425
36880558
2816804
1388744
15074612
28495395
8330274
22812475
31472615
22245461
25605309
19713195
4070244
6301079
27875368
13041868
5739469
14933778
17196489
16583845
18302438
45008617
1693849
22458830
31135958
6868263
4291595
6370118
45315808
5737369
13984848
35781634
20791008
29424011
10705149
31641547
2773977
4053789
2301237
30349565
8329992
22255192
1903261
22926106
19738221
2233535
7326305
5807446
19583333
11913521
22793192
5068549
41987891
29020948
26791048
32309918
12225457
11865086
15444782
37615144
91260
29063349
16935597
40507179
39575632
32292441
25618340
7749725
1529478
10034232
1011732
7782782
3363554
3931714
44272398
12736892
12010722
23518245
10944913
18201948
36631148
33290750
23617225
25331510
22374531
19136527
16658399
17706383
10267637
5530618
32494465
428711
29981046
27814675
25140848
42503675
33352356
461682
6749562
5187045
15674322
33098304
16114370
12802093
10235281
18096267
7245183
33666449
25686627
48850649
9896437
40800925
37386082
20773184
2624739
8844829
5189915
25712606
18487936
31440612
17206878
3734969
34965699
27665120
26733444
19271437
13217569
18987723
9011738
23321931
13920788
21621287
5680034
41060495
47502106
9110244
36492371
18661552
30940739
6772762
29046861
868048
10823753
23608336
6096100
27251949
37553337
1598855
29075178
35901451
43928203
5028039
21936551
23318145
19044904
8393936
31400357
37453234
43536464
17893891
20277473
21736837
47023298
4294879
24419414
664557
19239601
15484854
45420505
15055823
4784672
5117834
17386987
5418719
26699279
49258713
31142485
16988815
2033667
25568855
30600639
16284955
813774
933429
14665410
15041789
15381507
15554195
2754776
17107586
19509843
45786066
54383978
13076408
27533111
13357180
3143055
37789689
41561176
13529868
12390340
19549807
32223973
46827294
9567936
15600202
6631559
2374504
11868862
11379789
4600553
704997
26482257
5783947
5928125
18389876
22038749
51320858
44010705
29518003
54406657
10539267
55628198
6956877
8220992
7222661
9276875
15022526
3963743
74217
27136622
39034920
25094120
10696953
24933490
1752151
24505488
14750801
885960
8351920
5198501
25292364
12321827
52496334
25055564
7201038
9080440
35792117
2273993
1612573
8348589
40129925
3266954
30646743
12572542
17654391
8433953
12962153
13240211
34157003
5118791
8721663
14972802
244164
10172661
2199267
8665145
13272615
15064631
42640432
7527295
25639093
13579186
1203859
28739671
20228320
27459053
11150683
49843276
10677700
16427820
21037891
6983098
22095307
28589580
16542596
25125826
23255946
43141092
18535518
7821735
40295180
13369559
38840686
6804726
20627333
50723187
6657190
31297515
3954522
15448412
41839556
3369008
11790736
15758126
5736720
2964807
37777631
15573099
3821159
4724358
36528457
29392365
6998242
16749082
3357171
19134312
15995462
12943953
4075244
35811422
20490392
3135617
8122675
25096150
44032542
32117499
680810
9630004
1737304
29488494
44069763
5587460
30217639
11866481
37916183
13955274
48742607
24197851
24835364
25562731
5837914
5707321
18370643
2738880
22863928
24017593
27412502
14613028
3930963
18047011
6223326
37207373
26258701
5273729
16278816
17533767
28662938
723980
15995925
50323698
45344589
41510111
3398649
33366796
21096028
5367405
22923806
10712045
2125608
15507379
11401585
24055283
2214961
27252964
33978973
21785471
31813979
20118198
1518130
5914534
394080
20505809
864457
2084334
17860798
31193662
28777805
6977800
30169980
17044705
17433530
2580126
52105224
8426819
7057573
8349336
44130624
30355620
14447172
25297201
12299880
15033857
31356902
16366429
9828299
17090916
10625473
41169225
12821700
28466964
15384007
10405660
12417719
35936622
10403602
7433388
1614031
775961
9627387
3510854
4064176
3965235
7878
25237133
28269422
14901388
42226190
35380256
4750483
4058303
17769433
4687215
11697185
18369000
23135328
4425350
54604526
46705833
6097609
31860681
46903160
13927691
14818671
30345274
8156269
35624880
1901638
51309577
8308760
35017331
21658062
8690397
47424653
29037064
12661043
35755947
40071662
32503822
26827325
29996949
7037205
2211854
36079881
35055565
22254072
33247011
2430174
23648514
41801771
913862
1554917
20934426
22165288
16851591
5887208
10214692
22234817
28732734
17993940
39211252
17212164
39693182
27585161
47942336
27373234
9479945
34375147
7267517
49093284
10507354
22228952
17116823
6092378
15903469
12253716
2415602
28157735
24721997
15759583
32180415
37040997
15497670
23926462
38656352
18751562
13800932
10949001
31175689
33563467
3713365
33924122
4281568
14524279
9922818
7069400
23714970
39182813
26746592
358374
4977984
14652856
2845032
19904653
9873581
3745191
16288969
5678469
5841565
13932470
17047249
34264145
28635244
7191047
44352297
34010947
16149653
26314948
18879843
26016393
7181250
39937563
292178
4420487
12532847
1185226
34886606
6298842
11218453
18330222
7879583
31651240
5344334
17730870
15610892
1428250
34124055
33870215
8845738
7983519
21368967
11195304
18493495
11807042
11434122
33061099
25862403
31559627
44418511
4251233
7030045
12246210
47065398
1840286
13944963
21044699
52777777
15468350
5064868
1741119
4920227
13150389
5366139
33098161
1778072
35716949
14929526
15429288
9502255
18791174
12705108
1849704
30103071
447376
52799689
164079
10461050
106016
3305899
9818577
43918876
9994778
23182686
48422204
43290589
16286656
24829967
3330631
26727290
1806541
34647845
43828683
17709296
28630192
46319397
23963099
30765579
7274706
27974468
19917590
30677313
30538919
35279292
26917834
42297018
6371942
15885946
25426647
31351026
2963082
15909559
7187541
9160375
31141839
17448848
29882068
4836589
14457967
5753727
13812294
23277503
19767418
8105636
4626535
7208522
15819936
6141175
45582488
7337430
18318906
45470251
31164379
44367165
44547636
25225454
4311182
13750630
42910041
23813661
8782440
9407150
30330853
19329553
4674430
15033925
17145961
11333257
10308254
30799259
7432262
21395053
2214308
39133451
4624905
45896640
17797805
25406213
5765061
21510302
26723733
237538
24943601
6453032
5504260
19480241
29945244
5380997
5350082
19227738
12993137
38853185
16434303
1667301
13010852
37223016
14484199
9912292
5502098
45199261
12992528
33961595
14257601
20680854
998284
34837453
7855535
32232718
15559723
31063380
43176539
36897005
12498840
40800078
6501924
5827822
2399795
722182
40391
10339968
26197131
14455800
17275350
17632763
17031713
19375727
20664457
14235013
4932966
35831519
4199768
23920789
16819580
10303018
23020942
31586276
42178718
7617651
36258182
4249901
34744005
5422832
12324246
7090022
8977153
13518563
38137512
5248834
33523674
4136333
3788903
4918541
11228746
39428086
21852207
5545547
9013759
31065405
11377031
2741460
18759004
44454479
4990702
27625573
35330398
18498600
1753802
17371993
28311565
22201062
7907678
2748232
39062702
36258585
12648531
23188845
38250468
4588121
19375300
18438057
35241791
9606075
37753294
14102384
28543442
13616686
11420376
48118243
4291718
44333962
2466388
20232383
9992802
18082272
44652628
965724
27130734
11134703
31204058
13233688
6356116
21665870
29062894
13072939
44877007
4280452
30759599
35408348
8312492
36279006
22877076
18764225
37967967
33313037
1164962
11145295
1626215
36215340
7863283
10327324
13892982
10522088
40083474
27232791
4237168
17557192
8072956
27123943
8682151
14152089
48178343
11284914
8179191
31326210
37023341
1924649
14501751
7991950
7785094
21949016
4182258
7278854
24698126
22516377
16825511
2558741
4789367
3702206
25188683
10823894
39704637
7120940
14093481
29679630
37713942
1595438
12907681
9095634
11139343
9224974
23515948
40406086
49734952
49567294
3082565
17585773
33548340
37774505
39875664
44075276
46996164
29483768
22762447
19416370
8918128
10171472
44876215
6010841
11374670
21350609
14805346
21299672
13416408
7125091
38790492
47168403
49671054
29052503
9267119
28768442
24147981
22042210
43282389
7235268
6682534
53760193
4558719
8609126
45271312
32455088
34871594
31139710
42633213
16585072
2598153
25979915
6757661
35225863
17029988
25929652
23973025
13644694
13603926
17310974
21134410
11744741
7936630
23853990
1712605
20268167
15564032
47635213
37484058
47307413
30916051
12194219
28633314
7244726
554546
32902297
34724508
626723
12964876
1645166
10820682
21396871
4528264
33516357
29795404
35350543
15951906
47524804
30928984
25621118
6202424
6737632
23193513
3550916
41253115
6258737
43892954
10196594
942650
36925075
45656836
11216287
5439331
28932008
1233392
32600860
35129592
16343326
12428238
9232202
1529467
41302273
8013351
18285848
28794513
3781876
3925425
7654331
42649955
35627448
14927723
13705533
4428371
674992
24136640
15560332
29477583
27325817
25434889
20558129
8027581
33703275
7460706
22849623
14001524
15212994
1351524
21825191
31978920
21607818
5990769
43778881
23217739
8239815
31440492
13250369
12767394
3175895
1318101
4808116
28348388
16499516
16131473
4382458
9206827
12741031
41838568
34259172
5358704
5789022
10032184
31377441
38535004
3218671
2185593
2161860
12576845
8105635
749664
20688547
13561350
945980
37167267
11710871
4092673
37810530
23866156
23932853
22876793
2068965
6988733
2374538
54830807
39426433
2075862
15352239
8015460
16558570
48077391
11801025
34345592
16009106
26325079
5026812
22060276
53232434
15717120
21456333
