75048931
180567578
25569191
5570285
189223767
164157618
212860347
137743636
64568877
47590698
836867
53876879
167658013
132341473
151419399
116544975
37374371
54999632
217697343
32890203
1591468
159836432
134109763
55064741
82322822
29166318
92139712
88098698
108302747
23394870
12177462
143003479
42659613
35251582
65679195
21557785
53994732
73695109
32403788
48562626
138071978
127239971
174103966
53730517
137706974
4141826
61978363
96254839
43596171
22856303
157618362
1915266
92041455
71973204
256770189
151939772
116778017
180932408
72024926
1920146
54063046
102804687
184333909
30956314
31168407
32333744
169358651
170764819
132209379
215793276
189616909
102717638
72533781
23080627
115440568
35074787
44992734
183091798
58127557
5727979
29502410
80838816
69593346
124003451
67828178
41759364
47217056
133045258
113708300
176148118
86504185
228102307
182362935
19220659
83868551
44680872
159403824
126477344
221617056
16020895
38673703
213447111
484059
82902454
79940767
198993818
9263360
5028594
6171625
49159540
190265612
75880617
90867630
184802684
42675388
96538681
23928243
93334935
72736587
26492084
119052434
32262504
52823233
138813171
10835700
20171787
119826
102908796
77632413
10719253
142595664
21524779
87686382
114179924
191974259
73221885
154001610
55868171
61044486
46467980
38342550
18671138
106812681
4308675
39631727
36350423
182168464
117883912
45556602
59557178
40467323
127336453
49738790
75178681
33921418
124265854
215582187
209061505
102793217
70853779
140476417
27618601
32864394
16893492
186756452
54930739
94427775
56410712
144339812
69510923
32595760
217228821
49606196
164880508
78860640
44246401
12824602
240750645
48739350
108363618
99901150
72137119
81687219
218795850
41032744
15399016
22409599
32513097
175688387
28398214
3577778
232162328
105475930
9173809
22866530
70958839
80910264
115210090
4266346
63650033
202698719
160284539
141429648
227646007
180661051
55888241
112179612
61309600
3719244
5738911
202308640
42596262
157270687
152714415
39280194
31005210
11952536
195375677
27530537
75129375
30236784
21710852
7438416
221953213
9803348
3858632
37258899
136062881
35800523
160630445
197430877
20031823
258753243
35605632
50277758
22905040
91417293
7365486
150904174
28285458
43112452
87188354
131536654
83178928
2105939
15682053
1624863
7683119
38083431
54951605
36085314
63799340
47252119
47431624
212639817
15450126
34701914
205516492
115814804
153380219
182468886
131945725
188175090
13369491
53946162
156164269
108700337
78027428
69659553
238896339
32786855
17294879
54911425
72187857
83353740
186636068
106889372
113233143
148432918
91348600
167295167
19416732
143303055
50886027
138785306
19785292
47820821
126119587
180565368
31459708
108177370
21036975
84900118
19211036
98058911
401248
76018467
46361853
67896581
77416858
147078229
92383136
191152330
9398629
34043999
24701581
172802402
76306197
26271611
84608994
106209328
33495309
56473646
21011697
158936513
143440266
13613637
89051932
118955186
200365962
696650
60672911
74377132
245345736
76049951
202876267
126417273
12291584
27439312
227119858
52101204
68975169
137217122
101738142
67032447
41308969
25330523
148388674
118667727
58245873
103793728
19040141
6751405
126936638
102571372
81934208
12641292
100637424
99101592
94463197
147784938
52554420
149312581
149507027
100432281
104438183
44785079
102180626
81950328
81336601
57358345
27916262
131666094
165065943
150433218
205493103
32099443
106797888
39558480
32349993
69203701
65365987
118534534
15163803
78374185
193149645
20445059
28048522
136540489
99920649
49968407
3658227
21862270
36853992
12131130
193279435
63634954
46300157
77354774
165991459
35725556
17112019
44709379
1453977
52607868
95451290
143713197
119459559
194880400
140017384
12295672
122676563
110605678
190842231
19487717
55333260
66353753
128437440
25147657
16061379
160519274
132268249
178009560
7142162
24287815
91435128
122357768
88405206
41943444
117916304
19420667
89193197
87356964
48538403
6012553
141793288
4005547
36843799
34238496
172190765
54692754
69440177
101929769
177946999
105367621
20455686
219130147
5409960
22766293
8914366
172618138
181837644
134155392
109573131
20078156
102124181
93769047
25680494
183051378
92808520
110199446
28576924
88823359
4377392
188830253
109260516
9237004
200831648
246250421
83616765
97570692
113770107
93894829
118162244
93495864
133119589
154233028
65961289
59760165
118901134
98373386
127648290
13655043
74549101
142725180
8326413
22759781
120731174
17982772
121035408
68914680
41286254
30881446
55259712
137027396
39383287
66006234
81964043
39143715
7310241
16262627
152755014
88490874
3199527
36034211
148287131
28820959
145579566
33352587
72984998
79300206
106563908
8470475
3775074
189921406
189543399
166597546
185984028
96123575
2139279
204924773
84704024
135296944
170594633
121798228
46217956
4540847
173137302
136849172
37670517
26757995
40015126
168022013
106879325
180999588
142113160
17463980
144028399
243547569
156618240
25361733
120120666
115497182
98680919
44076080
5084547
84005705
8925375
44861162
35079088
14727662
41497097
28309968
112749333
213956255
50262184
194669625
38044366
57045976
81754516
98632423
40075678
24050841
20210220
134340284
7742989
81830109
146729044
160861412
113326578
36652928
205274342
42785220
9106359
33385799
221141021
112966645
172217179
23573988
25013589
193320278
52284327
46258666
996392
47436468
107252700
33856345
189247302
152750360
128764000
9329170
19390933
28994938
125122742
151375846
15554361
90947541
40937134
101756870
84966669
40820680
64516351
38791507
18139127
185186042
62907498
109470545
56568760
6202679
115621384
98744754
33165802
66563202
56077574
150510968
222069991
45109639
139400903
210061794
62279271
137279746
131516151
172096852
6090302
104117672
123483734
184701345
17126263
179523470
138575035
80282385
85872716
384513
54589025
182162524
182725142
13223781
73551657
107660455
39739019
167641128
148595009
73717066
89997923
16411242
201657258
45731953
14749518
149836040
133628998
103893629
149721073
162587574
74047279
28689091
5514592
137061715
72206509
36032470
11293210
48691640
22267371
48977884
73752282
69677596
17587122
133442311
116923445
44000888
18411341
180855161
25992064
85665056
27866929
168349205
61983862
84198320
90846527
101326421
182599482
141014701
166977291
75712254
6555942
78655050
29062901
38776505
213610543
52737101
188178833
16481344
56578622
117685925
143375892
199357545
56118222
117478602
164006406
59239380
3812130
201482721
49647849
155486901
142210943
146978279
31409759
203323092
20236859
67923867
163784610
152812074
4904417
66314031
241133317
153701046
5502867
217018839
159726831
230181093
53596218
221752115
84239620
54058101
151399365
50338643
15539099
69915821
227057746
20812037
8563962
8160809
49791153
80844313
29500627
109345151
110465706
137299673
39595778
230169185
81391460
77919573
110676563
190398125
112914949
67953787
230158614
95580123
119122221
66818326
89191738
15353962
120900705
43682135
103425738
147613793
55171623
79350610
111260276
52835235
56157899
71935701
132778492
138365561
49101954
124278673
20151645
107994412
92233675
59844261
74584598
201626506
39737401
145082325
140002792
11767993
175007821
52043466
70381989
93450152
182355808
223682556
200728077
10251517
56830720
189654378
104371415
65312795
45453710
192822136
109004998
99100215
163872860
180401869
114508874
38156480
136056629
27897559
164171311
100930465
88794494
145128530
111798170
12498660
62375689
145869963
71825407
7245321
26897183
108089190
105692820
92068933
81754402
10043178
144462453
87939601
203630400
31286641
4020405
201063977
146888131
103506819
26556028
32195533
242435596
162201792
159657712
495508
161966254
45964198
60280728
145690313
9402624
76947270
233239796
99682226
43073064
80971222
88150630
127810503
24224355
43289542
159218559
183269303
3811926
93771540
83189838
41610964
73038516
155738470
66306234
144544129
60177969
59271802
64999378
70761544
1950121
51674044
170797143
64978947
58740495
4926575
60042614
141772150
25456216
86320589
147236826
211463768
136827365
249978058
31799262
138028242
81310375
192500121
38936119
113252137
40929934
184093971
15624458
60886680
106134153
71244021
244548790
52931958
109477480
64532672
159240322
81713499
71687372
185586255
56305371
20931164
119766870
100242952
8996064
107096685
44257204
78135131
177352030
134552984
54595347
193836680
63754915
92173104
73358722
83568667
18298973
34528107
92609699
223451317
151471328
101117175
187943862
4019939
17356177
10271746
62142944
74159263
134099020
60474629
168980051
156771144
3544925
4119833
80729454
256486828
29974464
130177998
231512652
93727821
7111186
34386406
26573056
62803667
23581791
74771034
31176683
146759231
126262787
130123650
171924941
53442001
75513618
56469786
123937250
116238023
77848572
52353411
196963673
85601854
48039675
1737575
169342347
105244225
50591096
122969718
43902303
17883205
110925038
110647313
37735235
141268819
35148079
125880703
13426844
83940625
3506946
215378021
211117121
39975911
86588862
23196031
114653438
162992252
62169018
206897766
112957505
117884157
67713736
27879424
70267555
73650014
12324895
77072949
208108456
5229857
204855923
99651087
698167
133613756
107582354
36173128
188304315
151055834
71230916
214222072
60392201
81302141
50663415
53607458
102578058
27316832
8157030
41537290
16110807
115439173
19853703
165335693
204775429
27319415
32410990
115801046
17792734
61755930
236712688
105102057
228657881
140169223
11293159
51075330
82681646
9932047
71451917
3242456
21926288
104905853
32284120
129445687
36559985
37650775
83475771
25538899
12497454
33816389
195887101
212458667
163987396
30582691
145852574
13393697
92278813
75070289
16538174
117712819
8069852
136526719
82638047
199819374
196099339
88524613
57697631
21810127
105977468
22245626
80392521
172790291
105285866
138655109
136782982
30592931
66503863
16549174
46372815
35405319
131048981
11391186
79785973
196823312
1000333
21860219
120455115
14338352
28406364
171571856
48713093
64781364
27670390
141244938
14117802
105447110
149922226
157317820
157762628
50691960
110240883
21116803
178267914
76538405
54835182
88316804
136728685
82996686
142263066
69833496
119723823
159022027
49455459
61465104
143080094
29081402
55499446
216420298
107184756
25905752
68430034
99756918
109978148
81282984
15706424
16640652
53229736
26081444
4450385
25557052
26884290
41296270
54382219
7775940
199774275
23215156
66235111
53571934
25179264
10592312
67784427
1878235
200058233
3474904
172169006
36709662
185359929
93825975
165607151
63579317
62944188
17278761
9596017
166353529
178416509
107781889
12205126
104633270
66145199
62582461
31174875
79544303
143776489
228868654
200088165
22053059
23192923
193914416
99791163
137484683
136090950
143800187
177541929
95691029
30735536
66992661
13238506
113197881
160589146
77917549
117285767
247299827
155035736
58105724
161675974
88423745
12173801
7447973
61329395
20600547
96697429
27606667
113889505
42730136
7504254
137497350
1041013
95647671
20249129
241867783
135529918
175303911
9450392
155135820
157814159
29098201
169697343
22285437
73263495
102007440
121728743
51240855
32169129
61082232
150389570
89291935
18890874
110172203
118579793
39060895
17281824
58575172
1364318
29397498
64344894
82366250
114204449
103242071
57280178
127488702
32548978
94854176
95529378
180330169
112786721
20730352
105284764
120767004
10058087
155131773
54898967
217703588
9732033
47334658
55878044
165199811
180081282
78665012
16217979
8942681
179363820
74559255
25101035
64893577
37001458
214312678
160183169
137929242
35311035
184077434
1795648
55749389
158647022
202363476
180015333
178457703
244348381
27020193
23090269
155918896
127613035
155359115
122757471
91100536
65377980
1315763
73806181
120395294
9233718
20887569
85765112
60151104
36037889
80107075
165426704
103116417
105240649
14638159
58928227
14393493
194059375
139620236
77827046
83627961
159872071
76486964
7826551
13296073
25774059
98913272
16688289
100030487
47878959
27756915
60976100
45837157
102956609
167320051
31717596
87851228
40102932
13073096
56726261
65222107
196605614
33743863
3779959
66940152
183131444
147630858
168933017
162259816
63396243
69288003
116392825
73313390
185708076
3400075
93922541
91056859
9452026
79827440
173193921
146921760
2917566
154521674
20356623
63674578
24062759
99821032
84425886
174837529
111370935
54564292
871546
83813536
203535201
37183703
40692051
142586379
158233492
14622964
224263665
10385058
92184731
31411188
165131130
227014625
200007457
38674606
60702529
134909048
183944742
59402420
97765865
187005741
57702358
10863334
136217179
3593282
1366265
165148836
68827752
40877983
84044332
139184331
160572287
8886633
14477549
69169118
73433618
126647922
21995843
169979558
14482797
8806908
29944505
37339986
33916182
68874560
32983214
124480409
80413818
24061703
87819538
108303072
85945207
174044580
18567898
146164382
134384107
190784057
24130183
28584481
127638244
111480160
25977971
176252206
178823189
69440886
187620195
328136
101581373
116816611
93057045
103142671
46001331
86867117
26659061
94645556
199006139
144983890
128166137
21000154
169783540
1116590
60503278
50576401
81357926
198894057
68302754
111302262
39686227
119165743
1513272
212024075
73942572
39338791
87993608
103850474
145486898
6644667
110851448
190789624
16060427
146021901
218120107
79387817
32401582
175768255
56862036
162633229
3328350
18244175
130695037
102906670
33166474
50629
50307453
36421054
50915303
186500946
194311830
97923050
47708187
78796543
106151811
156608404
62801167
67359949
184359248
12341609
60638127
73321594
93316786
19100413
9171932
208667046
151799371
23132289
122286171
80720119
87566474
134836376
19567176
61345139
28912576
92204357
150908044
37551603
79616681
144595495
14863659
10189073
141773370
10895024
204467220
70604706
216348281
10674399
23934154
227258496
199983738
142348127
72445581
65923863
183547611
206954645
78650087
159966716
64443887
29064539
181865669
95053360
99619060
151262807
14313617
74205216
90386170
75915523
8938279
28984850
183663987
104137319
55239217
146630179
134771357
236988590
162185194
106795545
88367473
46592477
72638876
140973634
7285617
70077489
7800637
115915406
100220577
173030375
134502055
63792979
27049460
91845220
9029097
27370176
232368803
75113369
116294256
123079318
119988777
7853046
7133676
216584106
17748075
9517836
104961079
3426931
38874338
18335825
216411792
4000111
14432375
11532990
178786982
109954480
61426499
128920576
204305757
60107166
114398355
133496361
73125999
233556353
98858482
109840944
94755697
48310510
91172304
207699660
112386474
1900752
13464764
104705875
67742246
213893612
36137192
140724825
59289381
75193794
111787108
70554592
6994645
13322452
96894352
223549369
36166677
58271574
17450100
23568676
21688524
212949984
149947436
43091116
26882388
54972840
74337078
1642686
252197105
228183075
37310953
7789717
60411118
32204083
200849218
169918219
51735830
174792942
44709433
112380677
42152545
192529611
66084192
122485868
163000757
66333593
196094581
24003864
20210054
197644926
117052475
13215752
15113517
81676690
129848678
65795762
41957898
38369351
162230096
18366466
79709138
132631212
166813931
56423234
88739547
133719445
147215852
187836376
178545906
217731453
102521204
174567296
63337925
127715308
11448968
131068831
183491749
72622940
12680624
15121324
24113327
15326518
90889224
204876565
1131480
109710695
116888926
135193996
90015002
125574260
3807129
177880642
148638432
49072879
91912096
127501226
30325849
151642974
179183290
72839856
63128387
154671276
75992706
57065195
97992683
12580295
94015685
3530576
108735543
29847858
86512396
154250950
184729766
12195036
42189683
63114294
14799330
56862512
127861760
158746869
12404317
119163343
12383269
79458199
13547688
190331420
35753279
8806977
34403656
191489493
227665324
40330512
39947107
50027126
12785493
140370007
49920196
88538120
129028880
55289601
43866167
4933264
141025654
108355891
8747253
127806414
175897900
210346389
101428152
27522618
45438754
76320465
45146
81795439
103352204
127581532
81216162
113007638
51791719
92773495
11656144
30866806
71185386
197053932
87298198
118265883
118578759
15209819
20200202
67208410
53654703
3792853
15460409
177501930
71731890
135622710
211151511
162504917
18421780
131565038
133974471
98340042
40591276
105704984
104562049
140327010
143615438
113366478
8875331
171161373
111720297
62321871
44482914
157389402
193309228
1345693
150190828
149675331
44193820
25557303
8877861
72786063
138706264
124677417
35903983
94241428
171645477
5016324
55850936
39049074
125543949
74280116
6839710
110546668
157945907
128025011
3817179
121129808
48249410
243149650
102095466
129282212
217540169
118563199
140851768
105020417
25583639
65314304
53894017
44958691
14605503
12143417
51456428
123734140
232726813
66588418
28996418
109339020
30670839
13873630
900895
122392141
199186072
72731237
176115283
50543691
78773738
103224670
55640747
100782961
212060752
115693033
176324230
137455415
174484155
48131055
83613814
4372138
9928068
140410022
165827894
39839786
107619896
20403961
5512306
158930002
100188901
118415193
19556161
55691029
182885597
105920905
182744725
42280713
25138551
212069706
49366374
2095726
91811913
122563841
179989507
50754316
16520322
1190656
39818907
30977283
67895190
4784605
203754478
5172077
104795143
16902996
87897757
13506034
179407182
13824589
4352274
81171213
158387514
47264497
115949758
182479889
158304430
186329542
18610326
233011596
32384995
156051407
21007311
49372414
84070370
73041089
56288458
169528189
30027319
75968042
190532176
91031720
111053843
98337326
33338797
83220189
30129773
49830301
211930274
14195909
2761384
144145181
10998959
102017821
115906187
159989044
157356421
107550989
83468489
74451855
47258842
148739943
88962492
51691512
70380014
98864563
110394145
167037211
185277715
41843869
28623244
29816705
19506256
28237032
70528959
97734968
39562721
71450691
30196259
157308976
17764168
46054964
196913028
38775422
19154737
98784171
4529288
9032237
191516183
70595269
67789109
60340984
37353788
16758999
145511948
190376520
148054671
73425276
30783163
183367027
136179998
95774454
206434838
34774538
140616439
190016693
177015172
93199815
55528362
75861973
194589586
13388749
51711175
5335789
84770918
9416782
118176374
21611526
90606246
69575000
115185404
54853506
71763093
50092983
7419172
124975265
69519896
36321560
161218760
210971491
96712376
238701191
54933177
24521423
180584778
51902760
40839705
106783329
128323698
54235450
46068504
81233975
100725602
183870749
16002014
209219491
66650375
76816580
36212196
151516734
171320598
85965555
67437773
35735596
99457539
79504673
128368109
105627252
52006590
68165579
8849712
9294
194580590
56270637
143207873
141143115
83941868
135073521
39375948
166213072
9560171
45627437
87054337
21065474
1745375
17315266
59476450
47147716
206029192
32389732
18356635
111159698
59196810
95888418
103042190
64020221
115533420
111973570
173437105
43370977
44010741
81375722
206455871
108890098
61586455
49579546
61107466
146435920
17979248
8953707
45948691
107396999
109167373
97637352
120275955
76796540
70544473
5695438
102704235
69971846
6526079
37732179
95236023
65324307
46595957
69467374
23667678
107602634
71062559
186077450
152438590
124358005
60700788
155523883
110447721
80977872
37585708
8764944
146549177
55315296
97090493
77652850
108717381
223426655
67537458
145776559
125898385
38748729
74498321
46916211
76382600
65990592
145103662
4257713
3180056
45023625
32116149
74831585
153259609
127788067
11055209
153217360
125323519
40083746
37878857
20881169
5254128
95221116
63607482
204913415
21087311
100672265
58658502
180172550
120870456
7008143
84505408
135848404
41434650
204148242
198965161
8118374
82661777
67965753
69193881
7978012
56823054
122664041
179467739
21534783
4452003
34038861
136966521
68391590
58632814
39708201
112163220
36027077
123597170
21866765
5289533
209836533
123238928
182510815
173620799
43441385
57444158
135073040
6654000
136064795
134887145
128980148
169591006
54890766
189975566
26537861
130078556
97250091
139144629
76494221
162763906
65471145
153173350
156860504
15431707
88349495
35942534
96519454
134670458
231349931
76609266
72042688
171767660
34239350
79578203
5765306
34676469
125974103
185088296
3891976
120806191
14359255
11145901
33856911
154583365
146840826
54513149
184185756
33894200
3802058
33757100
129861377
51698814
30634736
51771523
186091552
62114775
49858698
6699194
32978079
63665460
3555235
243531753
114909090
59893855
129894012
136851513
23112075
77609135
40220951
78366690
92230742
13945465
57924355
140918651
115460168
84931125
40092981
27247861
116488401
8849236
43436487
79486058
111406930
70134777
18770487
166728021
118083861
191205540
186182540
141252631
164305214
111389733
165115089
100316365
70508629
34640108
2319373
13781146
54114728
101225322
8114090
13693656
68395503
24997179
181154105
144642965
51888288
43900783
154820134
68767312
130544934
17964885
51741961
162031391
33780726
21447407
219703937
74956551
86752143
23157707
51688635
125605823
13934442
23596118
47150625
91548001
12088810
57656960
122850295
204281078
40715045
113009986
94557280
159689351
6283782
103823357
3345367
54675528
139374551
59270509
83443655
79124026
60210632
97468638
107182511
172752755
137480734
173958377
98430650
26707157
75801262
128430961
141802102
15175023
127670359
24611765
94921141
19810372
64967336
97474264
144050955
200726515
52093981
175776408
219573483
148340027
34595048
842325
117581166
217487011
180815058
97470159
23098479
90492264
73592282
90295425
52461379
127997986
11522861
157816928
167075113
106853883
10504585
94534070
137256335
6602134
194990046
23822994
203672893
3180276
141443072
107660645
110929903
12281742
68870021
65325720
231907606
29023026
114005698
132772548
109327069
43446515
104758407
95694838
119754821
1609249
26119668
91888447
60781201
28613336
133059246
2160793
110878127
122052614
49203967
57703450
52901372
71965653
14637386
93070154
58604628
154524468
206713165
96752396
25737861
18060088
183070533
159529114
23697651
65755595
94647577
6517287
108603511
63050939
35137027
59640721
179315292
17351360
135639092
225072826
51837776
58347042
55207568
24670209
12565800
10205327
135315891
205017794
152892304
20920024
70326581
77735318
38436574
207048968
112880806
82194951
50647409
47107464
63185259
74720976
231796413
91072421
147624262
69301185
162619242
151473515
78897474
83347213
167158344
9031495
1881624
227221040
42440468
62726726
148223834
13324199
71805880
7173382
34388424
87619926
69819745
30915551
180386219
2552075
74471044
163987701
148357916
126210688
45798563
42459921
154207837
28393566
14216573
174484882
102843209
36503083
132502850
29057676
137243607
96968703
82085144
30264438
135629099
205478079
25992076
154762632
142502308
76020412
174363116
199438738
212223584
156296839
77208454
65117003
45696805
119391778
837064
103163660
198395850
138247204
37874615
62162766
14454589
218765951
15627186
60208855
204278028
54593501
32334520
2196408
183047115
61825196
127799758
35282645
122606801
72082642
153122593
162255620
148230358
89263827
228386741
93474108
121092065
52359210
115913964
90380723
6742219
99090970
18509160
112514255
68151660
192915276
164625189
17699669
102153352
209269776
55345010
81560328
133339692
94301315
53826213
13429593
111413556
85130996
24481777
92351553
28104609
205726076
71943629
191078194
4328910
184809951
55498260
81602359
87260106
27316510
228999707
80275699
199344011
213888814
72036194
87511306
156517127
189599825
189549362
36761809
134075832
67246427
8975499
124909111
195618119
156955829
36738640
46111749
95906410
143331668
178885096
87207683
163386743
91629094
68219912
201432722
109090038
177522953
43278144
59996819
12626970
123225407
110776910
117017994
3086415
68875352
4824492
86846455
18388506
94914381
23626971
81214786
73422824
33441906
9901860
91471145
170272381
14929210
37897829
107971798
9589665
128923403
34419387
108014791
71507067
136560784
123563038
204405114
86956948
162680563
53529129
80926862
19697778
74088552
92614315
34095814
50337118
67837534
184566673
8553464
88557641
69347877
149736993
49963890
9173495
219201644
47740789
119894619
112718393
27585716
222038293
34870060
54830846
64976801
122351796
131957857
38074136
18879647
20886770
44734986
14329762
60520205
148343423
75304712
93594472
150194272
4708949
33517314
186678128
55834407
69660430
27099870
138101692
191705064
27013118
5660951
2302973
231531600
48710080
79283213
59832543
524182
162736465
7957264
41771133
11849179
39198572
153154699
52948604
68428762
116014478
170660432
161695006
105395684
120156219
200933186
160279935
102561700
91959475
21283705
156361964
170748628
147231888
62399872
63418300
24138649
157718897
193376115
31558717
65841824
150396956
6644375
89633827
109261129
145816011
202964191
45806852
165851589
180879384
21906826
16436593
89995184
226456458
136867580
189391907
117496363
45996763
63526263
218646177
74911848
4174073
206590564
194754129
159957881
23526244
118154484
36032044
65456515
4728211
63512152
111433812
35123467
88622776
130751415
21513449
26788433
53914833
87631621
104757549
51908829
160746338
6360048
100179941
10253734
31750081
38932637
75598610
9148732
45362852
9145509
88741401
132489671
47617019
33704017
805002
259250241
30794923
109010427
6489823
11626803
32785612
98769119
25373286
27131421
177761292
37703603
78984806
121437185
92492689
116788104
29522251
57459983
40682688
84286276
50449748
156815172
28002735
138016739
98616393
144083053
13619998
101702095
123887389
34882437
176269224
141247662
35373328
144538029
25171594
148785392
48352213
50005598
78033615
27571326
26198366
98284121
20914151
28111024
120526134
32466083
63657404
207774437
84389045
165087677
142124532
79344615
174188900
211963024
5597138
16098462
105422869
173970435
174537534
145296503
150346795
109665838
8558479
132943482
121191595
25312000
175566828
67530563
145636601
250445916
32590890
38617651
162487614
50552805
149334727
32000885
206034374
153497479
29401423
33568298
71365447
5261126
23038290
78617620
38018887
147985357
11905079
35506993
39845221
19201598
52378738
45015069
19746067
112838600
63428830
27421532
227648757
1184452
22341762
47328213
70276574
15403446
101414199
27773267
73788445
98628490
52759855
35745431
189939473
24370682
171957508
166797341
12808509
73943696
208292444
13882880
72868493
63339183
10172639
49313609
128734487
22318291
67626125
113345529
2130649
3373820
25123753
8693246
81674781
192103951
137550457
77056276
177806944
62089961
204737129
113560181
16419070
146805730
20539579
32251713
110063448
127449145
41790293
150426426
86252174
10649340
16116683
111206064
88854737
156113958
38800696
37114574
95708564
90204678
204674618
101898248
162125090
61753739
4003674
93557893
151790446
11027070
152770691
160297242
170927160
232298656
63881899
109451202
102773386
197611562
161550857
204657577
68977874
65971479
93050626
159200261
32078940
22734094
47422665
132484548
26050953
168833639
61396375
63122138
71126712
120665077
8895416
149035481
42521783
6773259
19591409
194158138
66559748
58419279
96474661
12223048
92706974
123298222
41358752
27974288
113589655
12093129
49723861
127001234
190533150
22946791
33779617
95740865
10425722
129084800
95740616
51450293
107418159
189581534
35990422
182562120
162685840
30816760
129443815
29131574
96568816
114286048
172045398
3430812
80785082
12082781
1345395
78698995
16404547
7620079
174580862
2675791
57353799
33757243
191567274
82521844
17838577
16790316
179253855
25831088
45576855
130633800
126880180
116808612
94368685
228935225
148669490
133294182
52217285
59703100
36255941
75861037
200314474
71330280
9660558
53023888
101245297
61706844
55778810
122274869
125624125
224928026
158236966
6903876
21728791
133439029
192368161
10655989
89926593
2279946
86265308
38319995
148446815
39751754
9196184
118887533
182241569
34095457
170534222
167326698
24424720
103126128
135749767
133250826
91544069
34860573
130181053
151540439
91371798
136727565
76279500
73555653
56524835
29304013
26152951
40681158
24046870
163827566
168704585
30873247
154117532
6378632
135564449
88780795
114987844
93845522
4320148
83342686
48029547
61804223
