69254
44595
64480
11411
70809
153079
43213
38284
93046
87989
100874
51107
141792
137007
7793
17261
145501
124859
8322
11915
75850
9930
12500
11986
33059
64924
82376
35364
15997
91473
45294
113114
22174
115347
23649
36353
60302
107723
50524
151910
43213
149633
112439
4276
42986
81720
48849
137049
30137
19447
68721
15482
71516
44902
112486
57574
29274
163432
124759
5847
75903
31312
122717
61297
17251
3840
34698
98841
66674
37452
64868
74777
141845
50892
20192
118439
55039
84605
17095
20528
103069
98841
76135
84392
41919
132256
29274
27644
12500
24738
34557
86117
50258
44355
56805
36953
113508
80040
68895
48561
80805
35885
115625
19497
88236
76527
31305
123565
111738
125945
79431
37347
98985
29148
66706
49158
17145
101122
104850
113714
87460
50491
108376
67998
7378
44286
24046
155857
31454
126860
127357
77787
14469
95635
84040
52334
32670
88345
12250
25707
141807
44246
110927
68850
10228
75699
26622
135867
105320
56955
105280
73431
88867
93046
90508
9768
9818
122855
40254
53060
163453
89311
68357
38638
22595
120661
61397
70313
46663
71805
20465
16909
41153
156655
7004
53383
38231
84758
75502
76650
18088
20523
69415
16909
41952
2112
129015
165466
118729
57987
10846
67915
71458
30094
139071
12307
21574
89535
30507
12367
41369
68688
128735
42986
86454
78593
63028
68372
83864
31388
21507
86117
6511
62928
92608
90979
54196
38639
65349
149543
21713
12650
30994
38897
26987
89360
29314
4104
108444
9269
173090
53719
111528
178038
57838
15525
16664
89455
185072
181662
19709
82713
51447
23699
80261
89535
97702
156063
9312
142186
16231
104230
45807
48331
72305
114637
39818
40492
7763
60231
142149
88620
145225
133695
35727
64255
149749
54183
14780
37787
25091
63933
21014
11076
120510
96562
15409
28095
171151
152437
31305
15977
54445
25091
39822
2302
50835
84392
62388
84669
172196
62648
133660
14807
74979
167366
54545
13826
40923
106136
24152
107046
110694
170011
94336
34973
65685
65335
91147
35693
123257
25038
130695
12437
109188
50299
68323
37022
18294
37697
2276
47453
7452
76192
87223
24463
59043
128729
100941
29602
23852
131295
48794
141501
2004
26578
14352
151655
161649
178008
132725
102607
84475
153843
11789
72261
10740
25675
1512
32465
169070
1872
49639
10300
167810
111380
8174
23536
62407
25619
60676
13493
13643
44548
9122
86403
183666
98182
22510
171757
32662
168127
10646
127768
122064
30507
108376
82355
122444
179916
87876
97957
55058
78069
62342
63074
104904
18433
120280
81832
132975
175333
57152
114600
78601
66907
4398
167192
57901
88121
24331
42825
12855
54196
101764
82531
18851
18227
40601
155447
60386
49664
74748
31305
107046
75023
66573
132682
89400
51940
48764
118624
77963
9567
13949
119601
146218
122855
72475
43813
21335
34746
120817
17577
141877
48436
3540
111214
34518
21067
135259
44892
46102
108816
99982
67869
69986
86775
112392
28715
36581
102010
126555
69963
5933
28517
48235
16035
33612
16446
89400
125897
133635
7055
15671
20388
81816
41593
1884
119445
44823
8138
152779
27580
5878
120019
116585
95593
95779
56805
82613
142005
80405
64694
32233
84413
64924
123453
69282
46046
84962
62616
127757
29717
163432
32671
72766
51107
27430
88860
17630
1368
20388
83052
81908
31403
113114
31840
44410
62949
11333
181117
113297
46736
45340
21221
81384
58609
44516
56764
133423
80348
33326
112920
79196
44823
125897
119891
115261
29672
91169
39965
16141
6154
147631
54283
23763
8772
62260
98058
74842
144135
165209
35885
93275
90144
122981
22877
151503
26025
16265
33960
113220
24558
147315
24687
26665
53810
78221
167366
60861
112316
37019
48235
84957
18821
106741
80726
57152
62660
94687
38853
41245
36342
37087
48098
44516
15743
67275
29888
70530
4372
3576
145501
16067
60362
8890
71101
29602
127768
54897
54196
144055
7793
80348
8346
143420
38124
23536
75679
62782
18337
23377
43217
59002
36357
43888
54280
32604
107229
116515
138697
93046
47340
36232
132910
28152
27644
40254
36238
29912
112135
20805
60896
122985
7806
26830
153159
46335
10710
46774
149759
144055
39870
92881
141845
91541
44300
41271
11595
59990
72474
104500
22943
135087
21047
120626
167247
40356
77343
96408
170737
54959
21074
81385
92929
112576
143293
65120
121473
105052
3876
5528
9682
26035
86835
66376
43316
51385
5842
36246
106422
9911
139407
9424
54252
20595
58064
57484
53181
173635
13366
162999
18300
78015
1932
36953
79894
139251
15787
42886
10063
129660
9410
72810
119445
16261
101079
45519
51036
11792
57102
10562
31084
70333
181244
113337
70313
46663
4052
79196
44548
55039
104697
82068
3756
67998
46533
62788
108444
34710
36833
75372
47883
116326
18045
46256
9930
21019
139251
73293
65068
12738
44829
95593
24179
111738
107086
43025
48551
65335
49664
6846
98934
7977
27296
132035
19585
4030
14157
69201
25205
114113
68209
67190
96662
42872
144943
19865
25091
21484
45867
22295
8163
12964
128500
83898
84457
6238
32653
78348
6511
75835
7740
132508
87866
9386
134997
63007
149939
42335
64404
106136
147315
27673
66794
54487
124853
13826
56805
76939
132488
55207
53918
26375
74257
12210
44384
190992
121720
115256
1956
84320
139667
38513
31312
68357
28554
54196
52063
135363
114240
133765
33793
39329
65318
155632
86029
74439
154651
94368
5874
63128
130883
55795
28245
173822
136079
27454
74940
30957
2988
25205
62563
72234
42299
56884
54566
8138
11438
114179
12582
86641
49639
34993
141807
18287
7864
37235
25869
65916
170122
38316
156743
16909
43785
77000
131540
26744
18287
94666
16933
98978
13840
67629
124324
8582
130785
130479
63933
124685
10382
120983
11966
111205
70313
49491
159555
57762
81262
116440
5808
90367
101155
101602
74257
135755
7594
97178
83885
137961
52649
150391
41737
19108
14170
93234
21651
17308
50417
177842
48498
63933
16847
126092
100178
58383
34841
111647
17577
15525
134512
21484
12023
18961
146515
18433
15455
118624
85122
64694
138150
59047
87004
25024
69619
42608
2340
68528
14459
1656
133695
29851
91502
39061
65187
71319
4282
124088
88633
106422
18466
25125
74007
62260
40260
70992
94048
84912
46663
10582
89309
106180
31928
28450
76100
165361
23281
7386
84758
151655
3624
8434
104622
90372
24867
149203
41075
100326
106348
51453
44108
12026
121654
18454
25106
48405
33984
98118
81218
95725
31878
73734
9835
165050
53312
43883
22548
86887
69595
88751
89114
26183
80607
3728
72334
23127
9441
10647
50731
97681
51007
23649
60034
54856
18433
60708
191063
98854
137007
24705
154087
34158
22629
7632
104230
115606
149918
21454
81384
137423
105280
86454
106408
4050
76533
92244
22548
147599
78270
103630
59007
116899
25465
106932
36987
6264
67797
64467
43883
95419
18337
33928
12459
67467
82068
67975
16913
30842
59802
72834
50417
89400
61622
72475
21651
55561
5424
53181
21047
59802
120661
25115
22510
57762
65685
20836
81125
22786
26025
168877
116146
35237
12293
25585
27095
106932
57676
21439
86563
10492
91405
59524
21015
13555
73903
51479
17385
93275
91405
23699
119445
59788
75810
77963
58622
145377
12445
64729
18571
24745
165985
101602
77782
6438
137936
25851
124937
167209
46071
80140
59007
75903
31359
91787
94801
50391
7790
90508
67411
22196
7926
88345
7004
47385
151877
170737
50984
46526
122668
22078
35485
92244
122981
72482
64480
61223
9312
44410
48741
101518
145579
3840
47799
109037
36989
114135
31140
90144
107683
110488
75473
37132
48331
26160
61196
58383
23107
48844
50433
73858
42348
63693
51592
15553
65327
16210
21303
77519
50299
46016
29457
100924
101226
80352
23363
147599
29597
69649
108356
7892
21335
5716
129953
8441
14572
24331
9122
6900
60423
147599
86136
39743
42323
41593
27116
23695
161728
45620
114010
120689
3947
92173
16060
106644
75754
83771
153027
153574
25305
119915
12250
49871
69619
28528
165693
55860
16453
149483
31758
14157
82376
1872
38648
39581
80816
9922
17853
161789
4254
55851
14157
135345
28850
40367
34681
125788
161941
93046
113319
59191
117134
58387
178008
62086
3964
99249
85423
59948
67333
62157
30579
87876
165052
33612
62788
8446
165967
112348
21848
28407
110734
167192
71319
91502
36713
14953
109618
21303
26938
51872
14207
1872
16847
159829
125524
65907
71226
89535
145374
168079
75705
92995
157429
102200
71677
49109
48844
17853
29597
84769
2060
8298
49346
61472
120784
127329
66573
129417
91266
42368
143661
8163
25125
129263
32938
151451
3668
113337
80804
50491
147305
71830
31050
44355
57102
26665
149399
35952
13601
30556
28051
19585
98715
10694
114240
71101
169508
99019
47016
40923
43008
14059
88610
80040
68167
92647
6126
22173
114786
104610
15936
183666
191063
64167
21817
115611
43175
17577
107422
36713
15515
117891
12307
36806
104454
31312
47267
18680
18571
79503
44223
18079
63933
36768
8446
138921
139407
19337
77000
60919
14218
11515
7977
91935
8964
29180
71538
54318
154087
53918
21454
95088
167209
140335
54196
73858
33810
85128
93001
98833
56006
17837
28662
121473
52701
137049
170122
88837
16846
68328
40356
28554
6640
42368
47996
155171
9441
17735
64467
17448
23282
48623
42533
41451
83767
12870
38639
13411
88751
161470
8958
141845
84218
106980
59312
81173
58836
10326
149399
61687
8163
84024
153471
77000
14859
58010
163348
26617
101969
61012
38320
7973
26023
174589
60087
42046
88860
49341
84605
175015
97072
40277
149939
73598
134733
93001
157428
48844
99025
109152
16067
62229
31153
35992
57382
95419
112175
64548
66907
58010
124757
163453
3840
42767
64467
142287
82838
117263
11866
21275
100882
101013
75668
112577
71403
19931
44199
5424
48746
5394
112439
12206
111647
10308
52779
79357
64467
42946
27155
73903
49472
24463
116515
147691
14054
94983
34200
29851
9768
79926
64095
37823
54543
53718
143437
122985
17835
32469
31338
109891
25834
4030
16573
143561
132508
171757
147326
55621
18433
68155
13333
137223
58416
109152
96883
35334
27459
45155
19942
166053
85693
39965
33948
3840
50822
19837
169237
14435
14190
54983
34605
132725
40308
107422
122815
8054
83693
31784
126557
103226
72305
28415
108658
69951
167878
43357
27315
73675
188820
117282
9592
175327
44223
12102
103216
55033
139717
11232
171922
118787
10846
126552
99728
35542
20689
31359
158591
76620
28749
109188
159579
21439
18504
42863
91848
14218
6126
114443
29252
39753
114240
74478
25071
66776
50835
6229
44462
19306
16265
95998
173017
3484
21303
41225
10187
130183
10215
26781
32507
116832
74257
189059
87049
32040
43271
28207
23326
4230
38648
62229
23797
141845
106422
121473
45247
169070
151207
6278
122782
73766
58579
21275
62312
149918
144035
157429
126092
110734
118786
14701
107300
11844
60816
76620
141877
183044
147505
71205
74726
85423
10061
73668
103228
58809
62407
72123
3654
38570
112770
57901
7839
69758
103104
76500
124709
42368
49830
83544
60722
40844
20364
39909
92844
42243
96883
187547
88135
63368
42368
167317
11438
33514
38796
63895
66907
149747
58630
77787
21454
8640
83475
76092
87744
109342
172921
28090
27314
87223
69963
159712
9312
64532
3960
87657
26542
45029
117466
100390
28445
12855
103896
35224
70442
3444
167638
112920
43001
3756
8470
78144
92554
49871
65983
95023
156063
24179
67684
92881
87104
114804
7380
58150
9566
60567
97264
68088
160619
93982
63028
22548
91503
11232
139593
134733
173635
90934
37017
92839
54523
33305
36353
143986
72951
46736
43785
14459
37022
32459
7588
165693
33928
88182
5878
64634
24867
113938
40295
2028
67109
43813
29680
88687
21660
61402
41451
80021
50092
112486
7975
55484
117682
156063
15515
16991
74366
139989
33184
65977
79384
2280
37944
145315
31698
40050
147305
50137
66633
149759
92536
172765
59733
9699
108818
65318
46046
33184
136084
51519
79731
134969
34845
47427
14057
5838
46227
109618
39480
29597
75476
84903
105174
172123
16913
82373
11789
31878
55819
90144
31670
50731
125051
133765
54826
153843
32025
4488
80510
6140
27910
41760
185544
122759
28051
62908
4746
75502
95088
23527
93847
188964
112474
137787
36232
163801
66184
112871
99507
84871
34841
126552
25616
101155
137673
30433
159615
131902
37823
124786
16349
42533
70148
147451
46526
36222
129590
88652
61579
44361
19839
104980
66102
29717
69135
66706
15433
14807
73675
28597
22406
82141
73690
53102
59312
110621
7793
64950
41271
156161
107290
131632
88236
62260
62800
55183
24673
127684
8302
14435
76696
1800
34172
53539
20528
18108
29252
45294
45340
145727
67778
14035
19877
20539
94578
160969
129568
106408
93086
29597
93922
111938
116946
64389
70026
163893
26578
72720
120944
89400
101421
45340
40728
17813
84617
132183
42946
74616
58387
91147
109728
41289
29597
79214
140064
26308
71205
21848
60825
115718
35437
114106
49387
84000
69853
29597
53128
76533
12503
169070
18037
52156
3947
89400
68398
6436
25360
40554
130183
64774
40607
26025
59474
107046
48400
48206
167878
28207
165932
110292
111309
18656
1512
118365
122981
60889
145439
40356
72655
93735
20045
52255
125992
61622
162899
46033
29229
4462
32773
86023
67377
106668
36342
23177
10646
116321
29080
22567
40260
21715
126653
10583
37235
25616
110063
34857
123430
132351
169070
5883
60835
9468
29345
46214
112922
147631
92844
5496
48392
53918
49109
132957
62618
46335
40474
132012
11942
173090
33984
45294
25848
96178
40337
149530
45620
5883
109162
19837
7578
90697
163809
119891
115625
66921
68150
40601
145225
109342
80261
81708
18188
60386
83995
25702
67975
32801
101091
178038
58630
106874
12944
35334
115256
16579
8372
13906
128735
3654
98934
28207
64658
30579
168127
69625
60915
25606
11897
80088
108264
87361
19118
31230
75850
32510
25424
14809
50391
40277
48002
82613
70483
18656
149203
11792
46089
132035
8472
35697
31153
119446
149563
50433
31338
46490
50092
32577
56853
47227
47503
105079
60627
129512
45029
36899
30433
104980
99119
147723
51040
65707
75668
157510
106980
87564
31370
28414
7575
15487
14176
16110
36021
157755
43888
32988
171073
159615
110696
18233
115142
90275
34681
77361
74616
86409
68011
13676
5933
118365
56772
42951
94888
36041
15439
61279
99550
35926
145421
12378
29508
89114
106938
42986
22847
122584
54394
80405
28095
111122
88345
96915
137043
23763
106422
129941
11499
69254
76729
10782
147405
27082
21927
23007
40367
105136
14803
58609
157429
70962
33198
59452
51074
31305
88982
52818
9620
83475
61288
129263
47547
192911
124696
37087
14239
62312
5866
122542
167810
20514
79077
50138
121654
140335
30587
145685
96811
91502
18466
25465
4332
136079
98118
59662
67227
38270
32481
157371
88236
125285
27051
85567
8676
90667
117061
139301
19709
23755
66866
42488
181662
71458
40148
18606
83771
86454
165693
44548
27116
86118
3444
54600
80816
122580
87461
49733
14170
28749
114135
36041
78320
57274
98652
10187
142939
124696
88624
64592
86775
3732
12596
5100
88441
73734
49547
51315
153574
119837
40797
78175
90516
161350
118519
6578
22834
48331
156087
42323
85169
46823
44460
110504
7055
8298
44902
38478
107143
74366
30507
145374
169538
125714
88135
130018
139929
130684
90775
16043
117362
183096
30871
179396
74695
53479
160871
8052
26987
75705
70674
103104
80745
14239
18680
144035
87096
99550
69334
169579
60440
54283
80348
101533
8018
86835
106180
79929
31897
38570
104980
45342
111192
22510
13239
87840
69294
2060
27272
131753
14623
89993
21154
82376
44355
12446
64634
73111
25825
75048
109100
62259
38570
70081
124937
19915
5759
3977
14238
70827
177302
43316
172196
77194
65327
11850
122668
48864
58786
116859
93813
56822
161649
3654
99709
49158
105320
1908
155447
39077
51519
108816
90934
5118
27274
130996
18433
39375
30118
112392
72553
167336
156021
11780
92458
29180
56708
33760
19658
134512
143293
16883
4254
18851
161769
156161
20805
42383
71625
139960
137595
41874
13532
24055
16304
135453
64239
126821
114010
41737
147723
163150
37235
71647
7839
116846
38316
31262
61918
147617
21922
10694
145121
22174
97072
34158
12125
12279
113508
9424
171386
11518
5869
163789
139283
95226
111647
38730
116946
30775
14018
76620
72259
71400
125945
48864
38231
1878
111066
9835
101602
129784
29037
48079
83544
2243
138092
66194
94578
20192
29298
74983
75943
104396
75053
78221
153951
35697
43213
47639
39856
140977
1980
120740
179059
44121
151823
111528
46089
131520
16349
120740
39292
23543
17734
123430
98644
10562
26375
112577
149633
134997
77337
58416
169678
118266
17630
73903
104418
155628
41760
49664
126928
68865
41075
25851
75033
132012
76696
90953
5874
47871
42322
27959
83460
15533
154627
31784
19323
2210
72269
102982
38358
84349
12210
35364
143105
6207
43613
58464
65983
58485
45843
140335
60087
124715
3480
88345
139593
21014
122444
99127
51315
117705
137397
7532
104480
54184
13188
144055
4104
13333
112991
12763
1656
28207
61196
80088
91875
76954
50317
97332
19954
52617
20393
60020
56416
6489
72030
70675
88867
60896
16150
24460
47267
88345
49547
32117
100285
52013
73319
16048
48045
56744
18733
77148
16210
63040
57634
82321
156499
39742
157451
56602
179520
31359
138176
48098
118919
74938
62079
107046
84605
4338
132035
54543
38638
163666
58483
64300
77000
28528
111332
96978
86616
165457
40909
29802
43025
28554
63829
51014
103336
7977
69254
38285
12712
111066
96178
42863
67227
175327
50849
155857
60417
115347
88146
6686
4028
85655
32801
81541
40988
67944
96108
112681
111066
29787
50317
23331
35681
41373
27281
19709
122831
79077
14284
83016
69982
54318
148055
71516
114106
21583
4338
53918
118519
51385
46098
18529
81428
12650
61054
130685
81729
50433
112692
104480
13541
69283
153471
12023
143505
56602
117586
80040
10063
87361
15653
117891
36342
51613
31397
33922
68528
132351
95635
89114
73668
73800
59733
105320
14692
21848
93847
54765
59269
101005
34410
61918
48079
93426
85616
36989
56510
167029
27274
60627
65925
38284
66184
111380
100202
33040
145754
103602
91169
25175
134997
57484
48776
42555
148363
31650
45340
62563
17434
25423
116626
45029
15482
116832
56541
23852
3576
14465
36371
112156
10094
33246
70675
19289
8772
27201
44361
141261
165967
34679
103004
41741
85597
105079
128884
153938
69951
25869
177211
21019
101005
9966
111065
131881
5786
99892
145315
26023
74894
47190
92844
135259
55716
126737
20287
6350
101204
9946
126509
51315
55577
107300
8322
42712
4210
26263
102982
9641
43613
80804
95659
10182
101193
21927
55962
64632
46120
58004
62782
47403
23363
115590
55851
46071
52804
58010
39501
10182
15377
120661
10210
151843
61223
12811
48863
43952
56503
42109
77457
17896
42323
86029
105490
145579
169579
92213
92608
28090
108356
100874
18300
68398
151843
25965
111395
22510
17448
79431
157905
175896
64300
27702
98058
151683
62492
94578
50391
19172
54684
87698
95659
62073
53718
110292
44361
5910
23007
11755
82149
78561
83475
135887
157510
73817
101969
25383
58809
11166
139989
74539
36989
5842
89221
119915
91848
58419
58209
190668
90144
3624
25305
13643
17479
65318
11856
25189
30775
168877
88982
36412
51036
102482
173996
149747
40728
63028
85101
14807
44300
77513
97543
156087
44939
118729
155632
37245
153951
26183
34895
74979
131753
7793
46865
8422
76620
52971
76135
139071
65833
40443
46484
26160
26322
84769
16341
40657
99295
111122
56133
125031
20809
104497
8172
167209
6900
39818
45843
12016
135763
134734
33984
35106
175639
75476
25400
59788
63829
