100
182 338 601 866 912 1118 1437 1524 1793 2049 2114 2429
154 309 522 811 1007 1117 1361 1523 1841 2008 2115 2444
131 357 661 860 1049 1115 1447 1649 1801 1912 2156 2311
242 334 574 807 936 1238 1330 1646 1778 2043 2274 2346
126 448 646 863 948 1195 1324 1640 1882 1916 2244 2315
258 352 627 874 1036 1209 1498 1580 1819 2049 2216 2392
176 363 546 878 1099 1162 1320 1647 1776 2034 2226 2387
286 414 573 855 918 1130 1431 1607 1742 2093 2187 2338
225 407 510 871 919 1295 1442 1646 1780 1987 2277 2389
252 427 648 816 917 1123 1369 1621 1878 2070 2116 2315
287 479 579 865 1047 1274 1414 1572 1883 1998 2271 2388
105 418 590 743 1056 1129 1426 1515 1755 2096 2173 2333
289 363 601 800 1027 1120 1342 1614 1802 2040 2171 2335
210 440 571 880 1006 1191 1474 1597 1759 1938 2121 2345
138 359 668 759 903 1224 1450 1546 1767 1972 2101 2337
207 436 594 856 1044 1181 1332 1676 1831 2058 2267 2473
289 313 616 899 1074 1243 1400 1601 1802 2000 2126 2423
262 402 515 748 917 1153 1412 1541 1728 1987 2253 2313
126 300 645 738 1037 1125 1393 1657 1706 1918 2153 2457
196 338 662 764 988 1254 1393 1621 1731 1929 2224 2419
222 423 579 721 936 1126 1491 1587 1889 1967 2222 2477
141 432 505 752 1035 1192 1337 1676 1839 1906 2294 2435
176 464 523 878 966 1232 1393 1542 1791 2097 2157 2436
238 499 628 784 1062 1157 1456 1694 1749 1961 2202 2489
158 351 632 826 991 1287 1307 1507 1771 2020 2166 2349
277 454 588 814 1085 1189 1393 1520 1756 1926 2158 2420
150 386 552 823 1059 1256 1300 1622 1867 1988 2264 2321
269 330 599 900 1082 1292 1351 1622 1745 2011 2262 2385
122 484 601 818 1002 1290 1321 1685 1740 1943 2132 2307
138 451 619 867 937 1256 1452 1621 1868 1989 2139 2440
240 333 505 703 1085 1266 1326 1634 1891 1935 2211 2349
154 307 564 754 974 1228 1361 1695 1850 1983 2166 2439
207 333 515 889 990 1217 1469 1649 1832 2007 2228 2333
236 338 634 830 904 1212 1498 1546 1855 1901 2298 2338
144 336 621 858 1085 1130 1442 1515 1783 2074 2232 2435
242 423 700 898 927 1243 1314 1563 1748 1970 2110 2497
125 429 615 843 907 1294 1316 1613 1783 2056 2229 2455
231 351 677 770 1015 1230 1436 1622 1829 1963 2278 2433
166 443 551 814 935 1206 1331 1600 1813 1980 2118 2471
161 409 518 754 1071 1177 1500 1531 1898 1939 2283 2464
269 393 536 764 935 1219 1356 1691 1724 2001 2224 2341
270 357 541 880 1010 1231 1403 1586 1807 1950 2191 2381
123 484 593 704 986 1241 1417 1612 1880 1904 2198 2384
232 459 575 831 916 1128 1358 1526 1721 1967 2169 2310
299 346 569 893 933 1208 1473 1566 1803 1938 2237 2431
246 426 679 783 922 1171 1314 1676 1746 2008 2118 2368
104 462 522 766 921 1255 1356 1517 1767 1931 2216 2302
186 441 606 768 1059 1133 1311 1634 1881 1961 2128 2341
167 312 546 751 979 1260 1378 1635 1894 1952 2174 2414
228 472 545 769 988 1104 1364 1509 1703 1904 2287 2429
241 348 631 821 962 1214 1327 1668 1866 2010 2268 2426
239 400 629 778 1076 1155 1358 1587 1750 2080 2286 2462
135 403 588 713 933 1103 1318 1660 1889 1965 2210 2341
114 321 670 797 1029 1271 1372 1653 1762 2077 2175 2311
217 347 540 768 1014 1100 1367 1593 1784 2040 2182 2362
108 379 555 791 946 1100 1385 1597 1721 2021 2171 2428
267 351 563 829 1098 1101 1323 1567 1722 1936 2202 2450
110 400 505 776 977 1261 1359 1521 1849 2035 2292 2339
268 483 700 852 999 1295 1383 1684 1826 1938 2172 2485
258 464 537 711 1083 1231 1460 1609 1887 2079 2229 2335
234 492 629 845 904 1275 1449 1682 1874 2077 2264 2358
121 307 510 734 1063 1192 1326 1596 1815 2042 2112 2460
104 460 636 874 962 1225 1367 1500 1816 1917 2291 2428
237 323 668 834 916 1290 1488 1621 1764 1919 2167 2360
286 493 552 759 1089 1266 1417 1626 1797 1919 2222 2475
173 496 511 857 1061 1264 1350 1519 1853 1937 2184 2365
266 490 677 777 1059 1245 1334 1503 1823 1915 2224 2368
272 325 677 755 1072 1225 1374 1681 1832 1973 2218 2419
219 496 530 840 951 1179 1321 1621 1704 1974 2217 2319
229 415 568 799 953 1153 1319 1648 1723 1936 2291 2434
167 392 533 854 1061 1230 1371 1528 1880 1993 2159 2427
224 400 506 740 900 1225 1474 1615 1803 1977 2286 2336
206 388 596 780 930 1184 1300 1583 1892 1986 2201 2330
150 482 503 889 974 1164 1395 1516 1800 1999 2250 2319
192 409 693 770 912 1171 1326 1513 1869 1973 2262 2338
163 368 611 830 980 1148 1497 1595 1900 2009 2107 2494
261 402 641 840 952 1284 1320 1512 1887 2005 2215 2457
292 335 664 773 1024 1112 1440 1532 1743 2020 2206 2387
172 376 565 889 1089 1267 1366 1603 1867 1961 2177 2423
242 471 600 730 942 1264 1341 1519 1753 2028 2227 2440
156 415 585 894 1015 1209 1335 1640 1749 1962 2123 2344
187 442 523 781 961 1194 1366 1645 1751 1905 2291 2405
198 405 690 834 953 1196 1369 1586 1892 1915 2227 2371
247 392 532 875 1028 1235 1461 1555 1723 1969 2163 2398
202 465 614 810 979 1105 1332 1508 1808 2081 2295 2421
250 425 500 718 1000 1235 1419 1614 1763 2100 2127 2357
139 338 633 874 927 1284 1479 1665 1895 2017 2121 2441
298 310 500 900 932 1159 1445 1509 1865 2083 2177 2332
260 364 635 862 1011 1278 1495 1528 1725 1918 2176 2434
249 349 599 766 957 1253 1300 1502 1837 1977 2217 2371
180 465 562 821 1034 1160 1440 1563 1707 2005 2280 2466
178 314 505 749 1027 1272 1465 1607 1720 1965 2158 2470
208 394 558 826 908 1278 1386 1683 1807 1992 2274 2401
150 301 574 889 1029 1117 1352 1626 1751 1979 2296 2349
159 419 556 767 1094 1175 1327 1659 1826 2056 2147 2357
224 406 670 714 1052 1137 1400 1513 1754 1906 2252 2336
206 313 681 715 947 1200 1415 1682 1780 2087 2128 2320
142 384 548 747 1067 1234 1491 1619 1708 1979 2270 2485
196 395 584 813 943 1127 1300 1520 1771 1920 2189 2407
131 443 694 753 997 1191 1496 1579 1810 1922 2112 2480
3000
26 61
48 70
25 58
42 47
61 95
4 81
32 53
81 99
6 52
5 49
9 60
8 33
25 96
9 78
44 47
35 43
6 79
34 96
89 92
36 41
1 39
93 97
77 82
4 9
14 30
61 92
60 100
33 50
56 64
17 64
2 24
39 95
89 99
20 78
31 42
41 59
47 77
11 66
26 51
21 97
32 53
9 84
5 62
70 71
21 42
14 55
10 34
11 80
13 27
54 64
58 91
23 30
18 54
59 80
31 87
69 96
86 100
16 98
38 100
36 38
35 73
33 48
34 95
26 57
24 32
31 32
20 37
25 75
9 42
33 51
32 65
30 68
13 84
60 84
5 14
1 61
30 58
6 48
30 38
7 16
25 77
25 75
10 48
23 66
58 78
34 100
86 100
1 14
77 82
80 91
28 45
5 48
19 44
6 27
5 33
77 94
27 84
2 42
53 87
24 48
40 80
10 27
5 64
62 71
9 53
13 51
71 85
20 82
12 69
21 84
51 90
35 53
37 86
40 54
7 40
73 96
46 54
3 54
47 99
26 83
51 94
27 52
1 56
21 55
12 15
52 74
47 59
21 99
2 17
7 71
19 83
12 51
74 80
48 95
22 65
19 45
21 37
22 67
9 14
50 63
26 97
17 39
6 62
7 41
78 82
12 50
80 92
21 89
29 82
52 80
26 79
24 61
28 73
6 52
21 67
46 50
16 20
32 93
6 25
72 97
5 87
42 86
16 50
59 77
71 81
40 100
54 84
40 75
32 55
50 85
48 58
57 65
3 23
1 80
60 63
31 58
80 98
59 100
23 61
14 52
9 17
46 56
12 47
57 65
66 85
6 6
17 82
11 94
41 100
66 93
7 11
65 97
49 84
4 18
9 79
89 94
15 25
17 63
22 37
88 93
9 29
45 79
33 97
21 42
36 79
19 59
33 65
27 62
34 76
65 79
31 41
5 48
24 26
21 52
36 82
42 87
22 49
15 34
68 99
7 82
47 58
67 72
75 89
14 33
69 81
51 95
34 48
48 49
19 74
43 47
11 98
30 57
23 79
7 96
38 67
33 40
75 82
41 85
1 94
5 96
20 29
38 79
56 81
54 66
7 47
17 63
30 79
6 84
3 7
1 73
39 46
14 67
46 69
29 53
39 75
18 76
27 47
61 80
18 21
2 32
20 91
13 58
9 82
19 86
35 52
2 34
8 83
45 72
77 83
57 75
67 78
64 94
22 32
1 6
8 69
4 52
24 31
8 21
14 100
2 79
71 85
19 26
26 53
67 78
65 83
83 83
54 79
23 66
9 40
39 81
7 93
62 92
1 69
49 56
60 96
11 95
58 84
23 29
14 34
30 83
5 16
43 96
34 89
7 92
35 82
71 87
56 88
34 67
38 83
11 28
2 65
22 34
31 96
21 26
42 96
25 50
43 77
31 49
81 89
69 86
61 61
68 90
1 4
56 93
30 74
28 40
51 80
10 75
22 73
5 19
4 15
14 80
21 45
19 90
4 4
6 18
83 89
6 82
9 90
6 95
9 76
47 98
26 69
9 86
92 97
14 50
27 32
15 27
5 5
82 97
12 97
81 81
37 62
13 17
13 97
27 83
38 41
44 55
3 34
33 45
7 37
92 98
42 48
78 99
61 65
37 80
4 96
4 53
56 67
13 99
45 61
7 91
69 73
28 92
12 74
22 37
1 56
26 68
37 98
7 97
1 45
13 63
63 89
24 64
45 76
34 66
21 74
28 37
30 90
22 64
15 82
11 99
63 90
14 72
42 81
13 46
51 52
12 96
55 83
4 48
27 39
34 55
65 70
22 49
30 81
17 59
69 77
89 97
78 97
5 83
45 75
42 67
20 58
71 85
42 95
22 60
57 89
33 99
30 75
17 43
60 83
31 90
25 65
35 39
91 97
20 80
20 93
32 93
42 78
45 67
21 31
25 42
34 94
14 22
14 85
26 50
19 20
39 94
39 56
26 36
14 82
14 36
27 50
5 60
2 52
56 89
29 65
38 81
3 60
19 33
78 95
1 52
32 95
56 90
74 76
83 96
30 54
86 93
84 100
83 90
30 75
24 87
16 83
56 59
34 41
81 90
13 54
32 52
92 92
21 81
33 55
59 62
3 80
53 67
85 87
24 84
42 100
2 50
14 63
5 33
28 70
21 92
26 67
13 45
59 74
27 70
61 92
3 66
48 82
44 67
53 95
27 59
24 88
51 66
16 98
79 94
46 82
8 33
36 49
8 52
2 10
54 54
81 90
46 87
34 75
14 29
39 95
52 68
29 51
28 60
17 22
9 100
25 82
61 83
72 93
19 29
46 86
53 82
38 60
71 98
17 84
61 100
30 46
35 91
49 88
33 55
24 87
1 62
36 93
32 46
39 84
42 62
55 63
80 82
11 85
20 47
39 50
8 11
42 73
18 68
45 82
2 75
2 85
10 27
38 84
33 78
13 75
19 30
24 100
45 58
20 27
52 69
22 79
78 89
12 86
71 82
26 39
64 89
28 68
11 95
57 86
15 72
16 34
30 54
18 61
64 72
8 62
19 60
63 90
32 64
22 70
77 95
1 21
42 60
73 90
64 86
38 60
48 55
54 87
10 24
47 82
82 83
3 4
6 79
88 95
13 43
62 66
63 97
5 19
28 92
54 81
17 44
13 85
44 47
61 100
68 71
27 99
37 56
44 55
33 71
7 38
38 46
52 64
43 65
35 65
27 45
64 84
16 43
25 41
39 92
17 76
12 82
6 52
71 93
52 70
7 74
39 52
1 14
6 25
61 78
85 99
8 65
70 79
49 79
19 81
87 90
77 89
11 88
6 28
82 86
59 81
23 98
13 85
5 24
54 100
13 84
2 48
18 40
72 91
34 39
24 54
5 41
3 56
73 83
7 75
64 73
6 67
16 100
54 74
52 90
9 58
2 88
50 77
76 85
20 61
53 99
14 71
11 83
28 61
20 81
2 55
1 2
86 88
12 16
16 28
17 61
3 36
73 93
32 58
94 96
7 24
47 100
92 96
19 89
94 98
11 38
72 81
64 91
59 86
7 33
5 92
2 8
2 84
80 88
11 50
40 40
77 94
22 63
8 78
41 48
74 94
57 61
22 87
15 19
47 83
21 81
54 62
50 100
35 58
73 97
38 43
8 36
80 84
77 91
43 78
2 93
20 77
40 75
32 55
49 50
49 88
78 99
30 58
37 89
1 42
34 35
21 55
76 98
6 37
19 74
19 36
71 88
64 100
45 69
11 70
63 71
26 49
93 97
30 40
8 78
51 87
60 91
27 33
76 97
2 50
59 70
12 69
46 99
9 30
51 75
34 67
42 67
62 65
26 76
25 28
12 25
24 90
38 47
73 74
46 52
67 100
20 32
6 64
14 48
48 81
11 60
20 41
4 77
36 45
67 78
3 13
5 27
63 73
73 76
28 34
36 100
13 55
58 99
76 78
17 33
5 44
24 26
11 49
4 7
5 72
48 91
59 63
9 77
51 82
16 91
12 33
41 73
30 83
12 86
51 65
24 58
21 48
31 93
23 29
5 33
8 46
4 71
7 34
66 91
83 95
62 98
8 13
19 41
1 97
26 87
39 96
76 76
57 98
14 84
42 61
33 48
16 50
48 62
22 49
31 57
19 87
2 60
25 92
5 21
10 29
48 80
18 96
58 100
13 50
3 81
10 58
42 44
30 62
15 81
19 47
29 43
8 95
24 92
58 71
19 57
20 35
53 54
20 32
4 35
38 74
22 43
34 63
14 41
59 62
15 20
8 66
81 86
28 72
37 62
16 33
26 97
47 56
31 34
13 31
38 50
21 54
8 93
19 38
3 82
57 65
44 66
18 57
1 68
24 37
47 56
6 53
28 36
24 74
18 24
67 99
30 92
23 26
11 77
12 78
64 94
36 98
23 27
18 79
86 91
25 81
40 75
2 26
9 89
67 94
53 93
8 67
43 45
37 82
12 64
2 53
62 98
18 86
32 35
24 73
5 47
21 90
48 74
1 77
46 67
58 67
10 16
46 92
32 42
92 100
49 74
8 97
14 38
64 94
58 66
4 68
18 69
3 32
12 29
24 80
14 22
33 40
4 72
3 13
90 95
25 34
3 77
74 82
60 67
31 90
14 57
13 45
23 92
6 35
16 60
64 75
65 98
15 36
16 16
18 52
70 76
30 30
19 86
60 74
51 96
3 22
50 82
54 89
77 78
5 68
7 51
47 100
44 52
31 43
56 92
42 73
52 72
7 42
19 67
46 88
32 55
81 85
2 47
14 68
9 24
42 56
26 65
3 86
18 29
51 54
59 100
6 82
5 6
80 83
35 87
35 80
70 81
5 80
13 33
16 67
2 56
6 31
15 37
40 45
22 83
8 16
66 77
11 35
60 76
19 69
16 57
17 66
38 53
37 74
32 36
12 95
70 95
37 59
79 89
29 73
50 84
26 71
47 91
59 71
39 79
61 62
4 40
32 43
25 29
66 70
50 75
2 51
21 46
31 42
42 72
35 63
28 37
8 38
3 99
21 71
9 78
45 57
8 85
50 67
46 57
95 98
14 67
29 87
20 95
44 54
46 86
18 87
26 79
36 79
13 67
95 96
61 98
35 81
81 91
17 91
14 53
1 53
71 99
16 75
51 64
20 74
36 54
78 80
15 49
58 89
37 59
46 93
38 46
51 68
72 77
50 83
1 42
64 96
49 57
24 39
39 69
19 56
49 74
30 75
12 43
42 78
32 42
27 55
2 4
7 33
64 73
39 69
40 100
69 80
56 67
67 94
56 88
50 60
6 46
77 87
45 58
2 87
9 68
13 30
48 53
52 65
72 84
20 74
25 54
52 63
57 99
76 80
44 89
68 96
12 22
41 47
10 47
40 66
15 23
38 84
44 89
54 66
21 81
38 68
27 66
25 65
24 53
8 81
73 78
14 46
73 81
82 93
6 89
2 53
1 40
89 91
1 71
39 51
13 76
2 86
4 26
23 64
71 99
35 73
69 83
19 66
26 74
53 78
16 19
21 67
66 98
4 14
10 13
22 67
60 63
56 79
8 84
2 88
75 99
19 42
31 92
36 46
5 22
35 81
13 75
9 45
25 58
50 80
3 7
29 51
75 98
6 57
7 80
31 32
6 29
21 76
23 41
1 59
39 54
33 78
9 64
32 87
50 87
75 92
29 53
40 52
63 92
3 32
12 23
22 46
24 49
1 38
51 72
15 47
43 69
43 50
52 84
9 16
45 55
32 71
25 50
37 60
31 45
5 56
36 86
4 44
20 31
17 91
12 26
35 70
17 72
57 60
21 31
46 48
28 93
49 52
75 81
27 39
61 65
27 30
58 87
17 91
34 77
57 76
48 69
32 52
66 78
17 28
16 97
66 87
12 70
35 95
98 99
4 50
85 92
19 73
2 40
50 91
12 89
23 100
30 42
25 85
9 14
47 72
65 98
25 39
9 92
12 40
29 37
17 92
37 52
46 52
60 100
81 81
17 36
4 23
47 87
85 89
45 53
4 85
90 91
32 60
46 52
13 81
24 38
15 35
78 94
29 92
6 87
6 52
21 78
26 56
39 97
20 49
6 95
40 71
81 82
23 73
30 73
64 92
33 67
56 86
74 88
1 45
15 98
84 100
6 37
75 78
7 90
32 88
5 15
27 41
45 100
12 96
54 89
51 96
79 96
29 36
12 68
45 55
44 57
65 89
89 95
81 81
58 66
7 87
27 90
55 87
66 100
17 63
25 98
6 90
34 72
23 70
21 100
31 82
34 70
8 32
22 46
45 53
12 26
40 82
18 18
88 91
63 86
31 62
31 91
1 66
57 89
18 83
45 90
18 39
19 91
73 76
31 43
16 81
55 71
22 98
86 87
20 77
60 99
27 52
15 89
2 38
47 63
6 27
8 36
26 39
15 90
40 58
15 21
42 57
60 73
38 47
22 72
6 10
2 60
63 97
11 96
43 92
73 95
14 34
63 83
56 63
25 70
2 42
12 46
37 83
79 81
84 94
33 90
32 84
11 18
4 96
4 100
19 51
38 48
24 82
68 88
14 22
40 93
79 96
42 49
24 83
41 46
30 48
18 71
33 48
8 31
6 14
73 81
52 91
7 28
55 64
64 94
21 39
75 78
11 81
19 89
21 30
18 57
52 82
6 12
57 62
25 28
48 93
1 5
66 79
19 55
10 37
8 85
66 91
44 54
9 57
2 86
23 93
22 49
1 38
57 73
45 87
26 73
11 61
42 70
59 67
55 69
20 81
52 78
11 80
8 93
43 87
78 85
39 73
54 74
48 62
83 85
18 39
44 68
4 82
25 29
87 95
58 89
11 19
75 85
48 72
54 75
47 68
31 73
51 57
15 34
24 30
26 71
15 96
29 33
13 84
25 68
33 86
63 91
30 71
29 59
70 74
15 90
66 95
73 76
11 53
10 87
18 57
65 71
65 92
15 97
81 93
14 66
59 88
51 70
22 25
61 73
12 100
18 48
80 100
8 52
7 31
6 48
2 90
28 77
39 59
16 91
18 55
12 80
26 73
15 94
22 46
47 96
44 98
88 95
2 33
16 31
48 66
68 95
46 93
6 63
46 78
13 46
42 71
15 78
5 87
32 33
25 46
58 89
3 75
15 57
3 63
10 15
24 34
20 71
38 88
49 86
19 76
33 69
89 98
35 57
2 4
20 44
63 65
5 62
5 10
24 80
83 87
51 77
21 61
58 89
30 51
67 79
10 47
43 68
28 40
17 76
6 80
22 28
47 94
43 60
60 74
46 50
1 41
43 75
43 62
3 30
32 59
6 78
19 81
86 94
19 35
35 50
9 65
34 46
73 74
68 75
18 90
5 72
13 99
26 100
55 82
74 82
13 47
31 37
19 88
10 39
44 98
47 95
66 82
32 45
71 92
43 52
8 91
44 86
42 62
48 65
31 32
20 45
18 27
1 86
52 59
51 58
73 99
22 39
9 76
19 39
40 93
33 94
71 74
44 85
10 25
11 75
23 75
39 75
46 60
46 100
55 89
9 93
41 63
23 36
33 70
3 98
22 81
31 35
3 91
7 28
52 58
26 78
37 65
13 83
26 31
8 94
17 77
7 11
10 74
44 93
1 18
25 35
69 83
2 82
4 42
28 42
42 96
4 84
52 63
79 87
23 44
8 54
6 12
79 81
43 100
64 77
33 52
2 60
4 41
73 84
8 41
54 79
91 93
21 43
3 12
20 27
19 68
12 99
46 47
45 55
69 88
72 76
20 85
74 78
30 43
80 95
34 92
62 98
5 100
40 83
84 99
71 91
59 72
36 47
67 68
17 36
2 33
61 72
13 84
47 100
20 81
30 52
12 97
4 80
16 18
8 70
27 65
72 100
24 34
47 78
20 95
23 95
21 100
4 68
45 100
32 91
57 64
28 82
45 50
28 59
4 42
14 85
2 94
9 83
52 87
8 45
30 73
49 53
49 85
29 81
4 33
3 34
56 91
30 31
27 46
42 98
55 83
36 39
28 64
21 73
62 99
35 97
18 39
12 37
1 43
32 63
21 41
79 88
58 77
28 75
7 27
47 95
6 100
57 100
24 56
18 39
4 88
15 20
2 18
20 39
65 95
13 46
22 97
60 88
12 51
44 54
83 86
51 92
5 43
31 75
26 81
2 89
5 18
65 77
30 74
56 90
14 94
3 7
9 41
15 16
18 63
55 68
1 23
29 88
19 70
82 95
65 70
15 68
46 64
10 45
28 29
10 94
35 91
2 23
34 35
6 9
26 66
7 53
47 72
2 35
42 89
6 84
59 70
37 71
43 89
53 96
35 92
52 55
41 70
50 54
20 50
50 98
19 53
1 82
31 78
33 65
79 89
49 94
26 31
15 85
12 80
5 92
7 52
72 89
42 88
57 83
71 86
41 59
1 74
61 96
61 83
44 66
70 76
31 49
81 96
46 49
9 92
51 68
35 79
85 87
10 42
70 81
29 86
79 98
34 34
61 93
45 67
62 76
29 74
9 19
68 97
47 68
27 68
22 47
31 87
20 23
59 85
23 82
6 84
42 49
47 55
16 53
20 90
33 49
14 47
46 85
67 67
39 58
12 85
36 51
38 58
15 89
58 82
62 94
23 98
20 67
1 88
17 47
63 67
31 85
48 80
44 67
33 49
3 72
1 26
34 74
8 76
23 40
70 92
36 42
31 33
34 57
12 68
64 82
12 26
17 55
38 80
48 100
6 92
49 57
6 47
92 97
38 53
56 83
33 78
31 46
50 75
17 80
25 92
48 75
9 86
27 43
10 11
58 97
49 51
54 68
64 83
4 97
14 76
60 73
60 90
54 56
23 61
9 57
51 63
18 66
2 97
30 86
26 95
52 70
6 88
38 71
43 99
50 99
16 59
12 29
10 74
2 14
12 64
28 97
59 73
8 88
26 92
43 62
8 71
89 96
54 75
18 53
7 81
19 42
25 43
1 67
24 69
36 67
12 34
41 50
33 85
39 72
51 66
54 88
7 40
32 39
49 56
33 70
26 40
7 17
27 69
48 84
60 85
63 91
19 75
44 47
26 59
72 91
7 85
41 94
2 69
9 53
42 73
5 36
29 57
26 38
27 91
76 79
52 59
57 94
27 27
8 24
56 82
7 16
10 18
64 77
2 24
72 93
22 95
29 64
87 93
87 96
28 38
21 69
19 100
27 92
13 67
13 60
12 26
7 54
29 85
33 91
57 88
20 55
8 90
6 18
21 58
38 98
30 75
41 91
72 93
20 40
34 42
28 71
20 86
30 51
5 42
20 49
38 83
29 84
70 89
12 26
20 60
24 94
43 56
52 87
5 15
16 46
27 85
68 84
10 68
38 63
3 45
64 97
12 26
36 63
39 77
70 75
12 97
18 26
35 61
98 99
30 75
5 39
75 77
1 13
25 45
20 85
7 39
23 43
45 58
32 62
43 96
23 47
15 39
9 93
59 72
13 96
15 71
21 77
51 60
5 5
6 66
13 75
53 83
17 90
54 74
10 46
48 94
85 94
21 47
22 85
12 43
1 83
39 62
20 34
13 14
15 31
20 64
35 69
16 70
42 60
21 32
69 73
6 65
33 47
26 37
52 72
17 27
31 94
65 69
13 31
2 14
7 63
74 90
27 89
30 96
12 97
20 22
4 34
51 55
67 80
15 38
16 73
11 85
28 75
30 32
77 100
66 91
8 32
10 77
13 44
6 28
80 99
23 89
39 44
11 98
60 76
2 24
41 53
5 53
12 32
19 94
66 87
20 22
45 99
18 27
26 29
43 88
9 91
1 62
5 64
68 100
9 43
78 97
9 82
26 81
7 47
12 53
84 92
45 75
21 64
87 99
64 96
18 34
39 89
7 96
60 88
22 76
50 56
66 82
39 96
69 76
81 84
9 15
33 97
30 31
26 76
59 72
31 64
74 88
7 91
51 85
51 81
88 100
44 49
12 52
30 84
44 87
77 85
40 55
1 39
63 78
3 15
54 61
53 78
39 59
19 43
28 70
11 46
51 60
5 80
38 43
12 35
24 90
53 57
69 85
16 31
28 88
6 81
24 49
35 50
20 43
22 47
29 45
51 79
40 64
41 65
25 78
21 51
2 68
1 23
14 32
59 73
33 85
46 95
13 87
71 95
66 97
49 86
18 97
33 86
10 54
66 80
43 57
35 38
40 47
85 91
81 88
49 67
8 87
64 84
47 64
3 89
8 88
16 72
49 58
40 97
20 66
78 94
59 96
5 42
18 62
1 35
19 25
74 76
6 66
23 51
76 96
36 83
81 98
31 38
70 99
4 54
53 71
11 84
82 87
49 64
47 91
36 89
21 42
64 74
7 69
18 45
26 67
8 21
40 95
22 67
40 88
7 76
39 50
47 100
24 89
35 40
26 61
42 80
52 57
14 88
34 47
41 51
50 61
15 35
27 80
58 65
53 82
21 100
6 41
20 36
69 97
61 85
72 86
53 97
10 36
47 51
51 92
37 68
16 81
34 58
2 99
6 69
73 90
40 46
47 78
32 34
9 71
13 97
78 87
53 92
15 40
22 83
23 93
82 96
16 89
52 100
51 96
44 52
51 64
44 45
24 92
19 69
67 95
53 86
18 37
28 44
9 88
9 53
1 65
74 86
31 74
52 56
28 74
36 94
17 87
20 29
86 97
31 65
16 37
5 96
49 84
17 37
83 91
50 91
36 79
9 92
78 99
66 78
35 78
28 29
13 40
47 87
11 73
3 47
67 90
10 16
28 42
1 59
81 98
18 58
36 65
8 58
72 76
5 77
6 69
15 60
29 62
38 81
43 44
68 73
28 30
27 72
37 74
69 92
4 29
23 100
4 65
35 55
9 48
36 81
12 93
15 75
50 52
66 76
29 53
8 86
48 69
43 85
10 33
62 83
18 74
56 59
88 91
59 80
25 44
25 79
15 52
22 37
25 98
10 95
3 67
57 100
26 91
26 96
34 99
26 72
90 97
38 96
3 95
79 93
3 93
9 46
27 54
2 83
93 96
69 81
34 72
46 81
21 73
41 81
40 46
6 14
23 95
46 89
4 54
59 92
14 99
14 44
20 47
61 100
11 63
41 44
17 61
14 68
33 73
50 66
27 46
33 85
3 25
36 91
56 67
94 100
50 93
21 56
18 18
2 15
28 94
69 75
4 49
2 12
60 100
6 27
69 74
10 42
44 80
60 72
63 99
27 82
1 32
27 46
14 49
13 76
17 26
57 59
74 75
82 88
57 91
9 98
73 93
7 93
22 61
52 84
87 92
31 92
61 84
61 89
19 78
16 64
49 77
9 90
30 31
1 51
73 96
29 82
95 95
5 83
13 32
1 26
5 60
7 52
29 31
87 100
6 72
74 82
34 53
6 20
3 60
62 97
14 98
13 91
19 24
21 68
66 79
14 42
49 66
1 10
4 72
11 83
65 72
79 80
69 77
10 91
7 85
70 79
38 59
51 86
1 72
27 96
4 24
59 65
16 27
84 91
27 95
55 86
15 79
12 70
46 67
13 87
12 94
13 31
12 48
36 39
40 98
19 38
64 78
43 74
25 99
1 11
6 10
15 88
89 99
28 77
50 67
53 59
74 79
27 84
94 98
11 97
3 8
92 94
4 86
18 88
8 56
24 80
38 57
33 91
18 33
39 45
4 42
13 49
21 57
21 84
61 84
80 98
97 97
42 97
32 36
2 53
3 69
30 44
46 70
1 43
99 99
31 100
11 44
21 69
5 14
41 55
44 81
9 47
16 69
21 59
28 68
7 84
69 85
32 53
67 89
81 100
12 83
28 28
37 97
2 92
34 56
16 92
23 79
57 79
22 88
89 96
37 97
32 51
33 44
4 12
27 89
34 83
80 84
83 95
19 76
9 84
9 77
51 89
10 39
9 94
9 69
2 10
10 47
19 72
15 93
64 83
66 89
36 99
23 58
13 33
39 51
53 90
23 89
57 94
13 59
42 44
4 27
29 50
14 27
45 86
36 43
2 80
10 25
12 21
85 85
40 76
34 85
6 24
19 62
8 13
33 50
12 84
73 75
8 29
9 38
2 35
17 46
47 70
23 93
18 48
33 95
47 48
22 67
15 85
22 32
37 98
49 98
4 29
25 84
29 98
47 50
31 83
34 61
1 7
13 85
48 49
31 37
4 61
57 63
15 15
59 72
63 92
12 52
16 63
23 62
30 55
8 57
16 25
9 35
47 57
31 61
44 72
8 10
29 66
62 96
28 73
49 79
8 15
56 68
8 31
22 67
41 66
13 28
11 62
34 60
59 94
10 17
58 81
13 41
27 36
47 85
9 16
61 91
33 62
24 66
2 81
66 84
4 83
61 88
5 95
69 83
30 99
64 86
18 78
47 84
19 50
42 95
6 48
84 85
24 90
3 30
59 77
11 93
28 58
5 37
18 57
25 39
41 96
26 75
9 52
4 87
2 22
47 62
9 30
48 62
66 96
63 87
28 80
25 28
26 61
40 59
29 35
42 97
5 53
23 44
53 86
3 91
48 73
21 99
1 31
20 78
34 78
59 61
71 72
50 92
18 34
31 72
16 36
20 54
18 67
18 75
42 97
8 22
30 55
11 22
58 75
33 53
73 85
20 29
35 96
53 92
7 13
14 56
3 38
10 37
23 97
18 54
10 68
39 49
84 85
66 91
15 75
32 58
64 85
68 76
48 88
67 72
25 56
10 76
33 74
24 49
33 89
31 83
47 53
33 68
10 87
90 95
8 80
61 88
28 87
2 42
57 61
44 87
91 98
24 83
42 60
30 56
12 27
53 70
18 52
30 96
48 95
47 91
49 85
64 99
17 47
29 82
28 35
5 15
18 66
52 79
54 83
10 61
59 75
43 74
46 70
45 91
56 98
23 41
62 89
3 87
87 100
21 51
15 48
81 99
38 71
27 83
32 82
76 91
26 99
48 99
39 84
21 33
9 77
59 86
76 99
6 26
2 77
53 69
72 93
4 35
1 9
11 23
32 90
1 23
23 30
34 92
3 31
4 15
11 12
20 26
43 61
10 67
41 45
38 54
62 96
34 43
8 11
21 34
12 34
9 80
7 90
17 34
43 94
44 65
19 63
25 78
7 72
20 97
55 89
38 50
3 92
30 40
10 61
9 13
20 76
25 91
58 60
30 80
12 85
61 73
18 56
2 25
28 75
14 82
31 59
34 97
55 65
67 69
43 93
4 8
30 93
4 29
38 66
28 82
89 92
59 79
24 25
27 40
34 85
17 21
8 29
60 99
44 91
88 92
40 90
41 51
67 93
8 40
78 100
12 41
7 38
42 66
20 31
23 81
32 60
4 26
16 42
65 92
47 67
88 92
61 68
40 100
10 14
9 85
50 80
56 62
9 33
66 86
29 58
41 62
54 92
91 99
48 69
58 100
41 93
7 80
14 99
12 59
36 82
5 18
17 72
9 60
80 88
5 39
9 85
85 97
44 99
56 67
11 19
51 90
13 92
7 95
5 37
86 99
18 68
14 90
10 41
21 69
53 78
22 31
23 50
55 98
44 91
16 47
32 59
15 71
12 34
93 95
50 61
24 29
37 78
60 98
51 92
26 94
17 96
25 63
14 66
32 44
4 33
61 66
20 90
42 79
23 41
94 96
44 88
25 85
8 54
1 30
45 74
2 98
33 78
5 6
30 42
35 41
39 47
48 80
46 51
37 49
15 30
2 87
53 97
82 99
73 97
32 83
7 94
22 97
20 40
33 65
42 84
49 56
18 40
31 70
44 92
8 86
23 45
41 100
18 96
70 87
7 84
59 71
44 61
60 96
28 94
44 47
9 32
13 16
4 42
4 30
10 48
9 79
64 95
7 26
60 82
40 52
49 62
40 82
74 81
41 61
45 94
40 95
46 74
14 77
67 76
9 62
54 58
2 86
27 30
27 47
47 70
85 90
16 84
5 73
60 76
56 73
4 92
17 55
12 24
38 68
66 96
