496531
362520
147243
113991
677620
441140
471826
754580
104771
173688
131946
521570
437499
400795
89894
453038
306186
241245
428123
28621
255127
440423
174153
234121
412971
86534
183463
264082
161904
144943
643860
282256
497823
574022
70284
229204
450782
117004
766327
350642
400795
517264
662242
291332
623947
233349
264108
368790
243113
160321
126793
191499
416622
26317
505954
117946
156426
128869
387948
33623
444754
9864
45846
57145
158694
506229
105711
310897
137437
721341
63684
255242
209402
289792
774919
188541
515713
191611
629888
637515
174263
286516
55456
188512
249846
44814
547537
379117
58807
147576
86555
422613
291891
204185
229204
399098
756287
18551
498995
295898
272372
506801
414776
314295
358939
127538
591834
28054
51855
236356
135676
605634
362590
209233
210356
664151
222572
629849
392810
517352
515766
254275
165984
668134
70032
24532
36752
323614
285896
235595
33623
89715
108339
42229
253748
341973
282119
108218
126858
671138
497823
291675
444947
460630
339183
278221
99099
487121
280112
742622
602665
247137
38482
399017
340608
362619
364244
311570
136707
218520
68159
812277
145038
506639
370962
435363
108082
443196
497987
225851
156827
551344
154645
156224
370417
671854
669403
497924
94396
132404
342449
406811
206855
131755
36773
355302
655040
288090
80543
340554
291840
322929
441158
217607
29365
296827
578771
81900
426527
715266
416002
434233
62569
583933
545750
80242
704678
271822
562739
136723
126964
453390
735661
506189
118084
623391
408609
452249
341604
668621
207555
215823
305878
89841
482616
470172
698987
744683
387948
324667
663908
215155
531479
196842
377608
377608
331872
29053
127237
44198
86326
108683
820812
64851
263102
611913
296827
213406
107656
116240
56198
215857
50810
347679
542591
653657
33853
512814
107424
160923
8140
605048
47847
136723
380284
700173
2988
499007
341523
546054
277092
705624
27174
389381
26102
340839
192592
518930
281761
583260
497987
542736
186409
460821
747767
289924
79087
379481
427123
286736
223052
42423
114979
815107
156555
220141
163730
580929
588857
200494
98409
192553
330708
216862
267343
145038
213602
63684
814860
544849
497552
342036
318018
699716
735197
308538
543561
451101
142767
45948
19662
136908
169002
223061
29401
217070
330708
45976
348207
358933
388022
425334
69655
409213
338213
629054
591285
467844
22003
199356
622966
724713
520437
426575
126164
71766
516063
17598
294785
435784
229196
432946
63590
215936
619888
254058
513033
145916
244739
230207
325638
673204
381448
460310
26361
480767
695622
66759
105711
85202
108130
122365
311289
514954
299164
486719
165491
408810
32316
176038
443547
338227
27143
522755
127486
36533
27174
271363
528854
318500
363802
28147
137934
274271
79595
489997
86326
10494
197541
391495
183374
722129
299041
82941
243572
252814
255277
144281
554170
335900
262585
148088
413385
384773
51758
628655
535307
31561
56275
59993
155573
137659
27773
446931
706608
354013
369206
671004
396312
83723
54717
119302
43495
582659
312671
236359
241443
146335
417802
314365
376719
178574
281846
86555
399098
244383
126845
458335
261645
409243
79618
460677
99099
339135
273481
651419
342036
374921
456123
523853
243960
532741
25738
18204
67080
217368
449822
155037
47619
462452
194263
758243
291332
734996
28137
185670
678189
437976
163437
515588
232900
333217
263941
498419
666837
361390
116590
709166
249076
402209
260920
470641
272136
166334
9917
29083
726340
324028
90393
342168
182797
534366
497987
413971
154005
17801
182291
760719
160974
651419
323962
133183
578082
242421
414722
364530
361659
86534
43382
128084
662710
327407
206276
252959
619496
630802
311384
274810
45789
300042
135806
28981
829108
272399
623391
98107
89951
449276
234693
524461
394836
145440
554474
340167
812477
515735
747407
203010
552077
178349
234801
623479
460592
286688
306186
155072
153630
200494
389328
101433
290059
488770
40980
407820
79618
250372
219239
422954
738169
118506
223323
173681
553144
487688
168154
253164
497823
698454
398829
362116
136707
28544
150200
204436
18291
85271
199061
117232
322661
422613
98711
108148
398758
426533
288071
562901
553121
27845
573731
28169
479671
80329
437296
38536
312732
517046
223591
320491
85039
252237
642407
47541
86647
533873
544641
221249
320296
97345
107647
436529
17779
261645
91737
9898
137488
249921
103314
277150
116963
143830
322522
155320
101433
289898
554016
85296
263659
260975
35290
68566
235182
291840
76048
543561
301772
231348
722986
173846
57145
112689
200379
232273
448205
361932
144916
234993
534355
307490
413650
342123
586180
368711
506189
623613
417141
148570
86647
136341
217649
351761
243151
522496
282256
378050
53946
798029
192871
535282
453038
136066
53215
211164
281846
14552
45133
323614
798029
687393
812277
322929
82941
552121
352407
479671
224070
97691
206276
98795
444438
58416
89667
86927
445497
380284
454827
456169
118264
63684
172135
54441
86555
261645
655040
178571
466087
587639
489298
107315
200776
81388
46411
145310
227381
155573
416336
98298
523487
27174
499007
303096
43522
776267
332297
65019
225459
153184
86516
156555
757664
334202
174841
365243
136736
286929
531502
436207
251420
340925
511137
446207
304995
415848
509996
134002
663908
134508
190827
539999
117007
507941
158304
166067
610135
304940
305838
184151
449276
55456
88306
313105
60860
164048
360216
322288
45846
181778
147243
385016
377608
82066
649107
62834
254530
342123
227394
273243
349232
132202
294785
301696
141479
312916
387007
619496
238034
458523
399377
38411
72497
682547
89869
287096
601109
308581
136047
104245
508396
360102
417092
54717
340682
243049
31494
543906
331523
672393
141332
44511
479971
213602
204166
235724
8664
279370
355757
91737
227692
802283
379463
189747
56246
9994
53966
103160
542659
416608
146279
309410
317132
415229
158304
397615
47541
137884
272399
487121
24092
686839
67684
342683
105334
464328
27953
38601
147243
305432
164336
237168
255166
71947
56092
126273
375099
79595
623479
174115
647433
98298
72608
418548
803981
173614
98249
406836
99099
444438
410379
273004
574220
629950
442661
28683
387552
582823
189419
458335
408851
260024
137086
65766
400042
242708
516964
16040
126890
444977
379481
182845
350494
116899
590281
232831
144367
135067
176038
515774
202494
85039
272159
163484
108561
413154
340682
422954
172688
99702
34854
375059
126707
80411
47575
287049
135067
298476
114361
307490
289012
352790
134129
720748
605048
396312
613533
202879
93585
191509
360103
18800
64152
415848
40472
574022
468273
99074
211901
254622
440113
318058
360074
263477
8380
55290
333583
407688
460592
516125
117129
248292
592330
231593
242079
443547
71284
53241
162745
162702
171060
596702
408634
9558
497903
378493
426575
170768
8179
372539
325423
812277
632452
275469
113542
542659
56203
170865
378796
669771
18755
116920
220141
228255
181948
79663
327526
292043
128075
191499
543571
737974
575699
240498
28270
18872
224924
50276
370470
263500
164705
517768
802283
255242
164833
185573
70651
379440
342852
681584
38119
419153
299775
533567
677969
454031
215252
562901
524304
327526
371539
563008
457980
93075
155780
350163
136736
185670
107177
69655
102536
418526
348207
19536
283111
175391
169285
193103
508131
262114
398070
315402
85328
680704
37555
319429
160923
99189
704444
165049
87198
441291
244383
136004
434410
413971
441988
169285
349232
178574
796312
361707
200379
250466
36005
57190
86927
136429
649107
442661
312377
83643
346248
53753
16831
128075
665341
98428
462524
227381
144978
229134
561493
127519
487334
577778
314941
524782
175817
98409
174263
26361
145916
296349
181243
437344
597365
359939
49400
309606
28712
554170
408882
390268
46663
114918
619296
389821
687393
166067
78023
484834
398974
464023
249468
718942
70798
160146
179070
214681
257928
263500
242860
211164
318355
181491
681679
82144
56275
145533
156266
240569
331992
163895
596013
492515
117714
435121
614955
100513
28712
727675
180645
43004
201513
74261
164099
323934
515713
497924
41081
581452
297659
18382
174153
223859
497149
479971
210614
153342
441267
427488
446780
88306
397307
68786
600978
8269
125543
542091
766281
211164
96844
89667
435784
21032
89819
502841
301560
145038
408882
44020
54189
254482
296827
342123
351770
207505
408254
705199
681632
416536
62182
333984
496510
200776
71893
815107
668447
649668
63448
386782
471826
248529
397615
163949
337314
59298
450831
27806
229642
553166
416155
196196
82571
17979
108431
591285
749190
291249
162274
100958
181491
98859
69655
222382
463885
399871
447763
58416
97448
473359
582276
166148
254622
531364
274271
568136
320491
517046
174114
552875
66711
235182
749811
670798
664686
561290
325423
450782
745094
424758
152525
215890
567629
75304
625295
215823
398121
36965
217368
188258
27773
19662
535202
524461
722986
280890
37379
112698
312242
658455
435784
99122
540430
136602
508131
272875
525519
185670
642455
260385
98066
390713
417802
74608
671004
613993
383891
98313
200453
665341
613945
89581
588201
350494
369070
320009
462823
350672
179032
487106
435121
83723
342171
802537
440113
38601
153342
327407
250162
311570
64663
136110
389957
408247
467919
288156
170768
177554
695625
592509
61208
371454
80543
153966
293416
76048
726700
503609
231091
662710
201296
156266
240908
323614
143771
92000
159534
291282
513738
305386
614955
70758
673135
436259
99189
269886
117232
118094
303743
450659
19815
230207
762381
805240
694600
414776
435121
619496
294785
541451
664124
607246
140033
235988
173681
324964
662242
226553
712555
76922
82539
230672
191611
129404
360895
322318
327434
221249
183901
272875
483972
105327
47292
403256
577676
173166
145241
376719
268294
748700
634027
212166
206305
196307
423424
239588
253011
474996
452647
216260
136004
265341
90748
75289
288090
110516
214017
90117
93993
90393
22524
117511
298928
67080
408935
35290
524461
36075
240569
116327
514954
302815
699563
43495
369487
396686
475166
226155
700173
164560
588539
14038
379201
732069
28412
549407
152838
471283
330708
418074
45948
254324
290688
277092
423045
776625
35744
165194
117923
163949
6348
679831
93540
389957
691530
281340
426526
288156
36221
28137
272461
362564
37627
231348
178574
141272
507822
127028
407688
418427
252814
274194
110416
768290
210356
483972
257928
395369
506381
757486
314173
181948
127237
455991
37274
318194
250357
62857
530101
225593
71947
184399
513181
515713
470429
349049
222382
174417
127237
9584
144281
145851
342852
606926
494035
398091
253601
144367
650390
379201
75353
774919
492515
343539
131378
37786
88858
281340
842940
218640
182042
301127
145533
535202
182797
218526
633488
677819
93540
427054
242708
160757
335900
405206
404782
544641
244803
638184
700199
150642
596013
136740
315675
652103
155649
18016
14614
419153
49120
346248
251512
56246
37955
40721
600689
89202
69279
554474
299238
488450
311384
564372
135925
561550
516964
515932
725279
290242
671090
496889
146312
196307
152525
284630
381400
145134
359756
155402
705264
243961
649107
279400
116920
117031
72779
496510
108379
606926
470029
686304
324010
578130
9555
390469
18382
380056
53260
297470
244383
138598
516205
278596
620629
24256
536410
378903
663575
161904
195238
63015
418427
282210
54834
340154
244446
19043
393023
9729
477592
362619
389879
633764
291868
215890
142874
397307
386800
159609
258725
154918
97691
593517
77957
531822
243960
24002
155671
263477
77957
417141
600897
453904
578946
436458
110124
249921
805533
395972
342622
19425
99503
514954
735197
69280
160974
487344
720043
155037
358667
46411
99070
16831
115635
18222
389821
127948
311570
46534
89670
29818
224177
102478
88306
164644
128847
179032
388257
66447
252168
422325
37627
602665
213052
107656
524826
65945
581913
57159
201226
370935
32316
165911
710396
27683
83723
83499
568136
17392
235595
239929
255127
580370
399278
399659
546334
560366
415229
117129
117890
819675
7398
96139
26825
719379
322288
270086
104334
145134
757353
215302
158768
352547
280325
354013
308538
134335
47127
17392
42229
110124
506251
291675
289611
469044
76048
445992
281846
462452
428100
174998
320811
277117
465055
262370
290059
117130
151183
358667
173361
5904
47244
36411
655699
289792
459103
173628
217100
110327
620862
572016
274810
127082
132266
171332
303743
281603
574407
273784
182797
563062
295440
516377
118098
320296
361932
427447
10494
652589
170865
679604
55290
493866
66459
719379
298928
145274
146726
355662
376719
815107
199061
233621
109597
113075
428418
507129
643860
119902
164625
205130
188541
330799
282908
514954
426213
299775
486719
341873
434410
654789
426575
280357
581533
90694
665341
48387
65798
475011
320851
239762
523308
738169
155623
168630
115847
254231
357114
56198
466280
514954
213406
70284
745094
262114
57469
279557
195611
303096
772023
581913
644871
194263
354796
153263
518930
28198
719379
9238
535191
157141
174998
343539
525384
583933
142874
118264
310695
327144
454031
783530
388022
186500
486784
474996
149267
72659
558887
255321
282210
235623
91737
274194
394054
162271
214681
437344
165769
579192
563113
397114
543906
28683
337816
308671
9407
246472
185573
14038
497951
35744
506801
57961
271363
158385
13711
56829
124959
622966
591285
597593
62569
368711
97384
441327
706608
118098
79663
351003
493091
215195
334984
200479
516063
593517
72904
597637
572059
38035
36311
320491
578082
842940
173688
539117
139302
373923
672393
26777
164080
60303
99503
351003
264957
738169
408247
282145
308538
281761
478148
313007
540118
515735
260024
173614
70284
127202
271992
515774
596548
327024
85309
26911
42311
26825
364013
207625
207711
235988
362590
371539
192227
237529
426527
468233
243172
346326
147078
223052
153658
359463
118098
47847
314365
363141
286736
146333
206855
44797
235066
434007
207934
244453
360606
379283
341817
350816
262676
202879
7356
118094
375059
124492
272310
160757
217524
9359
174197
535307
655365
96367
540347
183577
183784
289012
193182
108057
722986
267200
468233
570935
573731
610977
241443
243961
88000
150200
526518
374921
757486
25152
10672
172209
23680
127047
173614
70933
224566
68684
727675
450851
460695
350780
89670
543618
98836
93911
206472
367523
264756
210356
634937
255277
167738
171406
353376
640266
720543
378958
27678
418636
324038
33623
21032
245600
332382
567629
210835
273243
19404
698851
453891
322318
253599
620053
175788
18814
217110
71001
307255
381446
192128
97448
362564
351152
718942
268672
709757
479110
150986
113526
248529
234173
33644
192592
478020
489298
745094
97785
163306
207812
665341
475393
153190
264082
254058
91162
263500
259114
70933
388972
419153
288156
34736
93911
229204
206472
595150
17748
500775
354796
49744
78771
41910
221249
302200
223052
28054
17779
436207
484184
231091
506801
45133
350842
378958
76269
174197
341728
362753
183105
448029
362753
486459
640342
234711
174841
98795
581423
644871
332601
153036
81863
345857
203010
220270
552504
369658
376719
161272
709757
18887
377872
236359
484292
98859
758336
289820
155402
117518
43412
464529
305735
74969
114978
41281
83463
322929
143994
455774
448205
66711
235397
57902
408083
126337
472561
107742
502844
280890
242723
45319
426202
695625
341205
416202
322881
53946
405870
102478
36075
623947
419153
96362
320009
578779
596548
19504
513033
264108
441482
104592
77258
415513
314295
155780
134508
403256
239929
758336
8296
122986
144504
459290
232489
466661
480701
12642
547668
91295
408872
27356
576612
68724
475327
46911
242180
155391
282908
350642
100490
452333
271363
398933
446207
310491
72779
19364
308671
8830
64649
623936
357114
446272
258052
681632
425635
542881
255277
368711
181675
426647
630402
435071
570935
400042
181675
254120
695625
146645
46308
19787
315219
305735
280357
63067
561550
31421
497924
397271
389055
259925
18872
379283
535191
209461
236356
46205
344368
479419
314290
486719
75289
633185
139417
668612
201513
195354
464023
291249
160983
322591
109115
455415
98428
679604
418440
155671
278145
312201
299164
34736
360865
35952
193103
66759
252237
422954
653657
57469
565759
629054
174569
425452
60860
53241
342852
390884
164080
641661
668029
103314
628655
534759
107647
48861
17979
271899
212324
416536
398897
463252
428100
425850
93993
235650
785652
380830
334497
133183
386386
494035
633440
332306
586756
614863
705199
557435
496889
57152
74715
197719
28231
508396
117714
280112
642725
658455
725764
297659
170914
245600
72497
340791
440113
260998
273481
351605
291249
183138
560965
27380
428247
389328
690615
696884
444497
796312
588432
93335
689598
207711
515588
78186
785706
466661
145777
252856
56203
18919
37252
205130
419346
591525
652409
311118
117393
553522
281733
229642
8928
432946
273081
57159
280903
117653
275469
605570
261645
51830
260385
579415
206305
208739
9833
289495
502412
47127
121494
89116
136110
51652
39971
367125
118098
179890
136487
93750
303272
99113
363802
206541
183300
153316
164705
441291
546334
793104
354013
323894
307011
648677
107066
158304
386782
263830
277382
165833
407820
708425
758288
330540
310695
687961
531364
399017
68724
129412
652288
116074
618665
43495
46062
183363
237049
216538
280890
273081
161495
127047
324667
281603
18415
515713
398849
174569
99020
17922
470429
12570
187054
353376
417584
127073
331523
28598
212353
105115
24092
99113
291939
99113
506560
458322
119515
389821
409094
47416
408247
145945
375099
544273
690262
36857
55079
123908
267874
601109
112689
98859
397880
109566
89869
433728
126964
222092
89841
165625
355227
76797
271899
507698
19815
634807
128075
100287
369658
237563
415848
292352
225828
611257
126438
66383
11958
435784
260975
351003
651303
435363
19340
175523
115678
584034
85256
127534
315049
494122
131764
478123
52452
409213
254530
165984
289089
507129
333583
194878
562778
502412
291868
38934
225182
450782
127519
723243
615597
535307
498995
746902
262651
165911
536946
102478
154728
155304
320811
160051
217524
719995
273790
383923
72074
103598
127202
114918
351605
9238
496617
487176
304677
80242
85615
38482
700199
450925
127025
44656
194573
397758
399024
135297
623391
458335
144915
564833
477210
340791
103598
441291
250372
126858
18290
84482
542591
565711
75509
245708
551702
738169
127919
56275
197877
472628
248456
145005
282119
669403
218520
28286
242860
9529
122048
659040
669403
576612
68566
579415
18680
160923
544641
287049
677969
194878
203494
408311
222382
207934
53024
405002
358386
337027
47862
241443
144943
182987
533873
26354
228906
478600
497924
45574
382415
44020
124959
243113
475327
419153
507272
84844
19681
182987
553113
228558
302773
68724
838594
202400
272269
370300
47915
332306
437976
18778
19351
53024
125512
740404
410379
408609
377872
219298
491166
432796
169258
623613
454671
337871
141319
371446
203032
654350
89951
388306
137009
582659
374524
290975
452333
453904
19364
383891
154728
307998
34568
197877
436948
614407
455586
126337
242708
192953
19222
126273
289898
252237
93075
468319
436207
586180
181788
671854
127948
172242
253164
174197
67730
82539
498084
552329
436845
166067
217070
108194
405206
409094
607367
468273
125512
705312
51554
819675
195269
213052
79878
413971
205388
45668
28169
238455
143994
534350
174114
365004
128075
107731
27651
65049
69878
515766
398933
169341
650390
592682
678045
370300
596013
340765
396686
154152
16142
100359
19379
488770
21765
615597
505569
331863
544357
639395
57540
315127
261013
324038
537610
113194
560273
9785
369134
321129
9897
153310
388701
427925
427925
601238
273784
650982
90747
333743
151063
730394
531822
174569
531822
525315
408872
9435
225793
215890
496705
409146
606190
648009
507643
89419
779817
297659
109039
400308
255321
201296
117923
442948
175523
642121
128831
334202
245154
372670
93417
164080
532695
66767
53260
167258
322717
488554
164420
282011
296827
643661
253748
619888
524278
272295
38987
615344
18855
262809
154337
59590
294029
460777
108663
496889
748776
492515
271026
421431
543561
108082
507324
507129
55846
397114
194031
475011
18872
544357
340167
90321
237563
302773
269861
39923
265218
22128
49744
462524
42229
188702
234711
673472
9941
573502
157400
82508
369374
206257
188301
295898
402810
243961
230530
624729
388304
378364
668134
136815
718366
211386
48905
26825
380056
681584
549407
205215
102536
389288
292896
145241
119791
192018
295898
66459
496331
199374
110191
274653
38295
212353
29083
580370
805533
681008
46534
115524
581934
164080
173833
235650
406473
271363
408225
41411
695670
487688
25152
77588
226553
572059
71939
58416
382573
47684
553166
197495
51206
241866
63095
416404
164705
620862
79178
493286
621929
165521
743238
454430
474751
192871
144800
218905
257959
99669
535191
430506
67684
482616
569795
117253
405870
9785
216260
226654
26359
212353
166334
28412
62189
57961
204478
