100
3714 6068 6150 6150 6150 6150 6150 6150 6150 8296 8296 8296
496 7522 7985 7985 7985 8109 9390 9390 9390 9390 9390 9390
327 4370 8522 8522 8522 8522 8522 8522 8522 8522 8522 8522
1765 1765 5544 5544 5544 8152 8467 8467 9527 9527 9940 9940
8842 8842 8842 8842 8842 9485 9485 9574 9574 9574 9574 9574
6981 6981 6981 9851 9851 9851 9851 9851 9851 9851 9851 9851
2460 5828 8662 8662 8662 8662 8662 8928 8928 8928 8928 8928
4844 5623 5623 5623 5623 6937 6937 6937 6937 6937 6937 6937
1904 2722 2722 3306 3306 4915 4915 4915 6233 6233 6233 9324
7136 7136 7136 7136 9240 9240 9240 9240 9240 9642 9642 9642
1558 1558 1558 1745 8535 8639 8639 8639 8639 8639 8639 9903
1031 3107 3107 3107 5583 6329 9399 9399 9399 9399 9399 9399
48 8175 8175 8175 8175 9502 9502 9502 9502 9502 9502 9502
1365 3284 9918 9918 9918 9918 9918 9918 9918 9918 9918 9918
2071 7200 8429 8429 8429 9238 9238 9238 9238 9238 9238 9238
801 7310 7310 7310 7310 7310 9840 9840 9840 9840 9840 9840
9833 9833 9833 9833 9833 9833 9833 9833 9833 9833 9833 9833
4744 4857 4857 5259 6600 6600 6600 6600 8967 8967 8967 8967
8458 8458 8458 8458 8458 8458 8458 8458 8458 9584 9584 9584
4759 6504 6504 8579 8579 9911 9911 9911 9911 9911 9911 9911
8311 8311 8311 8311 8311 8311 8311 8311 8311 8311 8311 8311
8261 8261 8261 8261 8261 8261 8261 8261 8269 8269 8269 8269
9774 9774 9774 9774 9774 9774 9774 9774 9774 9774 9774 9774
739 2241 2241 9998 9998 9998 9998 9998 9998 9998 9998 9998
1518 2069 9946 9946 9946 9946 9946 9946 9946 9946 9946 9946
607 9826 9826 9826 9826 9826 9826 9826 9826 9826 9986 9986
7119 7119 7119 7119 7119 7119 7119 7119 7119 8756 8756 8756
4803 4803 5520 5520 5520 5520 5520 9107 9107 9107 9166 9166
4839 4839 8198 8198 8198 9221 9221 9221 9221 9221 9221 9221
6681 6681 6681 6681 7215 7215 7345 9593 9593 9593 9593 9593
6095 9240 9240 9240 9240 9240 9240 9240 9240 9240 9240 9240
8299 8743 8743 8743 8743 9314 9314 9314 9314 9314 9314 9314
4771 6456 6456 6456 6456 8300 8300 8300 8300 8300 8300 8300
1305 3025 7355 9501 9501 9501 9501 9501 9501 9501 9501 9501
9850 9850 9850 9850 9850 9850 9850 9850 9850 9850 9850 9850
5673 6090 7037 7037 7037 7037 7037 7037 7037 7037 8354 8354
7923 7923 7923 9199 9199 9199 9199 9199 9199 9199 9199 9569
4272 7443 7443 7443 7443 8146 8146 8146 8179 8179 8179 8179
9476 9476 9476 9837 9837 9837 9837 9837 9837 9837 9837 9837
9667 9667 9667 9667 9667 9667 9667 9667 9667 9667 9667 9667
3232 3232 3232 3232 7259 7259 7259 7259 7259 7259 7259 7259
9435 9435 9435 9435 9435 9435 9435 9435 9435 9435 9435 9435
1570 8458 8458 8458 8458 8458 8458 8458 8458 8458 8458 8458
5672 9785 9785 9785 9785 9785 9785 9785 9785 9785 9785 9785
2642 3695 3695 6502 6502 6502 6502 8557 8557 9877 9877 9877
3415 3456 3456 3456 8099 8099 8099 8099 8099 8099 8099 8291
9002 9002 9002 9002 9002 9002 9002 9002 9002 9002 9002 10000
2649 9097 9097 9097 9097 9787 9787 9787 9787 9787 9787 9787
7283 7283 9361 9361 9361 9729 9729 9729 9729 9729 9729 9729
1941 1941 6326 7317 7317 9807 9807 9807 9807 9807 9807 9807
249 9949 9949 9949 9949 9949 9949 9949 9949 9949 9949 9949
4521 4521 8970 8970 8970 8970 8970 8970 8970 8970 8970 8970
7982 9917 9917 9917 9917 9917 9917 9917 9917 9917 9917 9917
8420 8420 8420 8420 8571 8571 8571 8571 9399 9399 9399 9399
4806 9281 9281 9281 9281 9281 9281 9281 9281 9281 9281 9281
8667 8667 8667 9941 9941 9941 9941 9941 9941 9941 9941 9941
7814 8976 8976 8976 8976 8976 8976 8976 8976 8976 8976 8976
3019 7952 7952 9314 9314 9314 9314 9314 9314 9314 9314 9314
4994 4994 8635 8635 8635 9379 9379 9555 9555 9555 9555 9555
5382 5382 5382 5382 7971 7971 9300 9300 9300 9300 9300 9300
2066 6385 7340 7340 8521 8521 9743 9743 9743 9743 9743 9743
1215 2980 3858 7272 7272 7272 9938 9938 9938 9938 9938 9938
5465 5982 5982 5982 8277 8277 9208 9208 9208 9208 9208 9208
211 9698 9698 9698 9698 9698 9698 9698 9698 9698 9698 9698
1443 7213 7213 7213 7213 7237 8140 8140 8140 8140 8140 8140
722 9483 9483 9483 9483 9483 9483 9483 9483 9483 9483 9483
1065 8934 8934 8934 8934 8934 8934 8934 8934 8934 8934 8934
5814 8246 8830 8830 8830 8830 8830 8830 8830 8830 8830 8830
492 3143 3143 3143 6682 6682 6682 8193 8193 8193 8193 8193
5830 8393 8393 8647 8647 8647 8647 8647 8647 8647 8647 8648
719 4839 9064 9064 9064 9064 9842 9842 9842 9842 9842 9842
9898 9898 9898 9898 9898 9898 9898 9898 9898 9898 9898 9898
3753 8558 8945 8945 8945 8945 8945 9359 9359 9359 9359 9359
1919 4479 4479 4479 9529 9529 9529 9529 9529 9529 9529 9529
2110 9157 9157 9157 9157 9157 9157 9157 9157 9249 9249 9249
7425 7425 7425 8497 9540 9540 9540 9540 9540 9540 9540 9540
8160 8944 8944 9864 9864 9864 9864 9864 9864 9864 9864 9864
5191 5191 5191 9008 9008 9008 9008 9008 9008 9008 9008 9008
4281 7893 7893 7893 7937 7937 9407 9407 9407 9407 9407 9407
3117 3117 6219 9348 9348 9348 9348 9348 9348 9348 9348 9348
2478 7934 7934 7934 7934 9992 9992 9992 9992 9992 9992 9992
808 1829 5683 5683 5752 5752 5752 9372 9372 9372 9372 9372
394 7179 7669 7669 7669 7669 7669 7669 9677 9677 9677 9677
8983 8983 8983 8983 8983 8983 8983 8983 8983 8983 8983 8983
897 7321 7321 7321 7321 7321 7321 7321 7321 7321 7321 7321
529 3152 3737 8959 8959 8959 8959 9756 9756 9756 9756 9756
1226 1226 9070 9070 9070 9070 9070 9070 9070 9070 9070 9070
5038 7602 8786 8786 8786 8786 8786 8786 8786 8786 8786 8786
7106 9053 9053 9053 9053 9053 9053 9053 9053 9053 9053 9053
7940 8380 8380 8380 8380 8380 8380 8380 8380 8380 8380 8380
4 4052 4052 4326 4326 8766 9466 9466 9466 9466 9466 9466
9954 9954 9954 9954 9954 9954 9954 9954 9954 9954 9954 9954
7977 7977 7977 7977 7977 7977 7977 7977 7977 7977 7977 7977
3597 6688 9023 9023 9385 9385 9385 9385 9385 9385 9385 9385
2936 9567 9567 9567 9567 9567 9567 9567 9567 9994 9994 9994
1772 2234 5822 7398 7398 7398 7398 7398 7398 7398 7398 7398
6768 6768 6768 6848 6848 6848 8195 8195 9433 9433 9433 9433
7376 7376 7376 7699 8475 8475 8475 8475 8475 9486 9486 9486
257 3475 3475 6418 6418 6418 6418 6418 6418 6418 6418 7703
4285 9558 9558 9558 9558 9558 9558 9558 9558 9558 9558 9558
3000
36 93
26 66
73 89
54 66
21 98
11 60
27 79
12 98
2 15
17 35
72 86
27 85
5 54
20 64
88 98
45 97
39 73
27 53
4 52
54 56
39 67
3 53
30 48
34 59
11 57
6 16
60 80
68 99
24 41
28 43
17 89
17 47
33 89
21 85
3 11
42 67
10 60
68 80
5 93
6 45
20 64
24 81
17 92
49 81
21 92
46 72
17 45
6 47
44 71
9 27
62 76
43 63
21 67
96 98
19 75
77 90
80 99
50 64
29 72
87 91
1 52
77 77
42 46
15 20
66 83
16 72
83 96
55 91
14 28
6 88
18 24
23 50
16 38
42 74
1 90
69 91
6 64
17 37
2 74
15 86
59 78
23 54
35 40
62 83
53 80
41 45
9 71
20 61
46 52
53 69
8 18
10 57
52 84
30 52
42 67
24 68
7 94
18 19
13 69
5 38
48 78
9 66
23 69
26 60
7 47
69 82
32 100
29 31
78 83
40 66
32 46
22 90
9 49
23 45
45 68
13 88
28 52
7 78
9 53
29 87
35 94
18 45
80 100
21 97
49 56
11 14
82 86
33 69
51 83
64 92
87 91
80 91
20 31
69 73
21 48
1 40
3 35
61 73
49 62
15 91
33 89
57 91
19 68
23 74
52 91
2 34
20 30
20 74
9 40
10 95
4 72
37 64
62 66
49 95
21 58
41 81
28 68
56 92
47 61
62 87
78 85
1 95
19 34
39 97
38 79
20 68
78 90
38 88
38 95
69 95
13 30
26 88
24 40
53 70
34 75
16 92
11 87
24 79
52 61
8 23
13 51
31 76
9 32
54 68
18 21
57 98
25 100
4 36
36 44
5 43
61 95
36 72
35 84
24 47
4 6
39 72
25 91
30 38
42 90
10 92
28 74
40 89
90 97
20 85
3 65
76 84
9 89
21 50
28 92
17 31
47 60
44 96
12 96
3 60
78 92
9 79
6 52
38 89
16 53
4 79
60 83
48 72
40 74
60 70
29 82
36 89
14 93
14 98
29 72
40 76
24 100
9 33
25 84
65 87
55 99
55 99
19 55
12 15
19 32
88 93
65 74
19 30
2 97
70 76
34 62
8 77
39 72
29 52
68 79
86 100
43 48
69 94
49 54
44 82
35 97
15 88
6 9
28 85
9 21
4 22
65 65
3 72
84 89
17 31
26 68
20 100
51 51
10 66
47 85
8 70
40 71
11 92
70 72
14 56
36 38
18 55
45 66
40 100
60 93
8 74
38 95
31 93
50 71
11 62
14 99
32 63
3 12
51 95
12 59
65 98
2 28
80 84
65 77
5 99
12 29
44 68
29 46
29 95
27 94
19 40
33 43
57 78
12 48
10 34
24 53
19 34
28 51
18 24
3 97
13 74
22 77
4 42
43 78
3 82
14 97
60 96
33 95
23 73
2 19
30 34
44 45
55 70
38 56
65 90
96 99
11 35
12 48
27 31
55 95
6 46
31 74
49 98
1 9
5 51
55 94
28 100
17 82
12 64
97 99
23 44
26 97
4 86
1 60
42 91
26 39
11 19
13 71
66 67
22 54
1 51
72 98
41 90
33 39
21 44
29 100
16 43
11 69
58 74
62 90
60 86
11 47
13 89
48 92
41 94
40 42
43 98
11 90
91 99
83 96
72 80
78 91
40 53
30 64
37 96
31 63
17 71
14 31
47 94
67 70
33 52
27 76
54 93
27 29
5 63
76 90
70 73
70 72
45 75
26 85
31 66
25 65
30 32
35 49
58 89
21 29
9 64
65 74
13 14
9 31
39 82
29 48
5 87
42 75
27 35
64 93
10 38
37 65
9 25
12 74
27 63
49 78
72 88
38 84
11 54
69 74
1 73
22 81
97 100
84 91
67 73
15 31
54 69
35 37
16 65
16 96
48 88
21 61
3 79
51 97
70 78
19 24
75 88
6 10
7 73
7 42
62 89
8 35
16 31
13 59
38 73
41 83
63 83
61 94
8 18
24 68
57 84
11 25
20 71
56 85
37 82
9 18
38 91
20 30
52 90
35 65
19 93
4 42
53 96
6 57
6 65
48 75
36 97
65 67
35 36
59 66
63 88
3 54
3 21
77 81
39 92
77 100
2 89
49 81
1 85
73 75
64 85
11 88
49 100
50 68
16 73
66 93
9 46
37 66
14 69
1 77
44 84
67 79
18 99
58 86
9 54
29 57
25 77
38 68
67 85
53 53
2 5
13 96
23 58
35 44
31 69
70 90
16 75
38 95
37 83
18 34
33 34
43 62
3 91
1 20
19 93
34 70
2 18
3 69
33 59
1 48
24 64
49 90
6 16
11 16
36 49
15 89
58 96
34 56
36 63
28 99
4 75
16 49
21 51
35 39
3 37
27 41
60 62
1 97
17 46
9 79
64 75
33 42
9 59
44 70
18 76
26 70
78 95
8 71
53 92
4 97
9 67
15 100
59 81
35 98
64 84
63 90
25 96
40 93
38 70
39 73
62 79
51 68
19 40
35 78
85 97
36 68
33 88
66 70
4 49
9 18
6 34
16 39
37 84
16 100
38 50
29 53
57 76
15 76
22 76
35 53
34 61
33 89
15 94
34 78
37 77
47 61
63 66
7 24
29 51
46 47
12 21
10 32
22 34
5 41
10 57
36 46
26 37
7 52
20 67
2 35
20 82
19 80
57 59
8 73
58 60
10 63
82 92
7 56
59 62
53 88
23 80
5 30
47 82
2 12
46 74
18 90
73 77
56 65
37 98
12 73
56 80
54 91
46 56
64 76
42 92
9 10
56 85
30 39
72 72
76 92
54 81
12 23
26 56
31 43
79 96
6 42
32 48
85 97
46 78
24 86
73 81
20 48
31 59
5 8
57 64
47 73
61 95
55 62
33 95
17 49
1 28
11 94
63 82
15 20
74 86
73 96
2 29
47 99
50 92
31 46
11 37
15 74
11 45
24 70
51 90
18 83
44 85
3 60
22 93
22 68
69 85
56 65
30 44
39 62
30 69
43 70
25 83
17 47
29 71
37 42
3 95
52 73
12 72
45 97
49 63
11 17
62 86
61 94
69 70
20 24
33 69
3 95
5 82
1 95
36 72
27 35
31 94
44 83
10 63
36 60
82 94
34 56
47 57
31 80
59 65
80 90
43 52
15 63
26 68
35 86
15 65
3 17
18 24
77 97
39 44
8 18
56 85
25 100
37 56
14 65
24 91
32 87
63 75
70 93
24 32
43 47
77 94
23 47
15 31
46 94
81 93
4 62
70 72
10 66
21 54
83 88
4 93
22 58
29 35
37 61
22 38
7 17
12 29
12 99
47 84
78 99
56 98
23 37
39 71
8 68
45 95
31 58
15 52
1 59
14 62
26 59
49 97
29 86
82 98
24 100
81 97
19 39
11 72
44 56
10 67
36 53
13 31
15 82
24 57
4 38
71 92
9 59
35 40
82 93
17 51
63 70
45 62
5 45
20 55
42 46
18 37
73 89
10 53
55 99
37 45
6 79
24 30
61 91
51 90
24 48
19 48
1 41
39 53
22 54
31 64
1 18
52 87
54 99
28 99
42 68
13 64
22 66
8 12
38 45
6 83
19 28
25 56
30 99
42 76
56 71
56 67
25 81
51 93
43 90
19 24
33 71
51 78
49 52
16 76
48 85
22 99
7 23
37 41
40 95
28 51
7 30
20 45
66 66
11 42
56 97
30 39
40 65
1 94
15 56
10 31
62 68
95 95
25 30
75 86
34 96
15 60
35 50
34 68
10 45
27 73
36 53
30 74
73 77
74 89
17 46
20 74
81 83
9 87
6 14
38 76
6 18
34 86
44 46
14 17
73 89
49 83
49 67
23 48
22 49
19 26
80 86
25 38
10 52
21 29
25 96
60 79
1 75
81 93
23 30
3 50
2 95
52 71
68 78
29 74
20 30
31 80
19 64
54 84
34 100
12 82
40 91
15 17
27 70
12 77
11 32
20 71
45 92
40 69
82 99
54 60
23 67
46 73
12 70
26 27
18 31
36 86
51 95
70 91
4 43
11 24
20 86
5 31
45 60
45 59
33 52
20 77
56 78
2 12
63 95
27 44
35 46
26 72
33 71
37 84
22 40
78 89
24 27
44 86
48 61
69 77
72 76
8 40
45 59
63 98
8 21
11 45
10 42
24 62
11 26
3 85
3 72
51 97
26 96
72 95
84 95
27 47
19 58
17 18
30 36
49 97
65 69
21 85
32 84
79 90
56 79
55 83
22 71
3 39
20 59
21 49
90 90
27 32
23 59
21 66
40 93
39 98
50 62
12 39
1 69
8 34
68 96
27 76
22 29
24 29
42 59
77 96
69 88
25 93
44 90
100 100
34 90
31 73
42 91
26 44
38 38
3 45
10 46
1 95
26 98
22 52
52 63
34 96
71 76
11 30
28 70
18 94
79 80
49 61
44 68
25 49
3 24
3 13
59 97
17 48
37 50
43 63
29 90
8 93
4 69
53 79
64 67
77 78
49 74
59 64
36 77
47 76
58 76
25 82
1 94
23 50
56 74
44 64
9 17
14 55
24 61
13 90
79 82
4 51
45 78
33 94
4 80
30 80
34 57
20 82
38 98
59 97
46 88
15 77
34 85
16 25
34 50
21 59
23 37
64 85
49 60
1 9
88 100
6 53
55 95
49 50
12 43
79 100
1 21
29 49
30 87
45 74
16 59
5 40
58 67
21 99
42 45
30 65
4 22
24 34
3 83
32 49
4 14
26 75
57 84
57 72
38 87
37 83
25 74
1 21
1 41
63 83
8 100
49 91
73 96
71 100
33 36
6 12
43 52
36 50
6 79
40 91
21 55
14 22
29 67
33 38
96 97
37 50
10 85
21 31
45 98
23 47
24 39
13 38
27 90
15 28
3 58
10 75
25 59
20 78
65 84
33 43
59 78
40 42
58 74
40 73
20 39
8 57
23 90
33 73
66 71
57 93
80 82
12 74
51 99
24 67
71 75
6 19
1 72
34 77
5 82
13 31
77 85
31 85
46 92
30 81
52 79
13 95
62 70
7 25
49 69
65 89
26 54
47 76
9 36
62 86
50 86
75 96
7 84
31 39
84 91
32 47
74 92
1 29
17 53
44 61
17 83
14 68
59 72
48 98
24 94
77 88
80 82
1 84
26 45
64 69
71 94
16 23
75 94
37 73
6 64
24 79
50 54
18 82
4 37
90 92
30 48
60 85
15 70
40 95
28 50
80 98
20 69
2 51
5 55
82 93
29 73
51 58
1 70
22 22
21 34
5 66
7 95
62 86
43 53
80 90
1 51
83 85
47 56
2 59
63 99
19 34
51 99
26 30
91 97
61 90
39 72
51 90
12 51
47 70
12 57
6 86
13 91
33 79
11 18
25 61
28 83
70 93
61 69
5 99
6 81
8 81
80 87
2 46
27 79
26 53
30 74
16 33
29 66
66 72
26 76
19 21
26 51
17 78
2 49
1 24
32 40
91 93
3 16
17 82
2 88
15 46
69 87
29 39
75 96
61 72
1 9
73 99
42 95
37 81
48 100
59 65
50 60
16 68
32 99
12 30
55 83
24 83
58 89
11 75
47 82
23 80
55 74
32 95
92 99
47 73
11 97
19 95
12 87
25 88
10 46
10 60
12 97
27 74
26 42
38 61
20 83
73 80
11 81
48 72
33 77
32 35
63 88
21 41
35 37
44 45
26 86
18 76
11 94
46 77
1 5
41 53
18 52
6 80
1 51
79 91
7 68
59 74
30 87
37 67
32 92
64 85
18 91
4 33
63 74
22 65
13 59
85 94
3 79
21 91
52 96
83 95
74 97
10 85
21 90
3 14
22 88
4 43
18 58
58 95
44 97
17 55
2 23
30 84
48 98
70 78
51 91
5 97
22 71
14 17
80 98
58 96
1 30
56 92
19 25
25 39
13 56
13 58
19 71
27 58
26 44
1 22
9 88
8 75
21 27
26 67
36 44
66 82
55 88
55 62
2 85
5 61
53 78
15 89
27 48
74 92
71 99
33 69
10 26
85 96
51 69
33 65
8 66
25 58
24 94
36 43
9 85
16 63
24 34
4 34
22 34
25 37
8 42
34 84
12 14
60 86
11 99
7 100
1 80
23 69
48 98
28 99
22 54
6 67
23 99
29 98
37 52
17 42
57 76
39 75
17 92
17 41
6 87
6 15
28 36
57 82
17 37
73 87
22 61
21 56
31 67
56 80
53 73
37 67
2 57
54 65
85 91
26 71
11 76
49 68
27 42
41 83
7 37
1 87
18 89
54 77
67 91
50 72
23 70
25 51
44 72
2 56
46 98
45 69
57 72
35 64
59 69
60 68
4 36
75 87
6 30
22 31
13 23
35 44
49 51
64 77
62 97
59 66
20 65
5 8
18 76
19 22
1 29
26 38
37 96
54 88
13 93
6 10
51 94
50 96
45 100
18 42
20 100
31 48
30 97
11 12
16 57
4 87
76 78
22 83
78 96
42 96
12 48
7 54
30 34
56 84
44 76
40 71
22 69
2 92
90 94
52 70
19 31
16 33
86 86
16 93
12 22
13 56
6 84
49 80
14 60
27 58
88 92
73 75
61 93
23 62
77 80
1 28
63 83
8 24
26 82
58 72
21 66
8 55
10 38
57 88
84 97
4 92
45 68
2 57
26 54
40 84
35 93
1 88
2 38
3 24
19 32
13 63
34 37
32 67
41 69
10 17
11 71
64 90
19 26
78 100
6 63
6 64
39 93
46 85
73 99
70 89
19 32
19 19
9 25
59 75
24 61
28 97
6 61
4 48
35 62
45 60
22 96
16 57
52 59
1 90
14 68
40 78
41 55
56 59
64 74
49 80
2 100
15 38
17 36
47 80
32 47
26 86
70 90
25 48
19 91
6 82
12 22
38 86
46 73
5 23
27 63
39 84
25 70
12 73
63 92
1 74
19 99
52 68
17 83
15 29
4 39
9 82
16 32
38 39
11 13
4 51
65 70
29 67
68 97
62 68
45 48
60 64
14 80
9 19
50 57
8 71
61 96
35 91
16 49
8 72
77 93
29 93
12 70
3 61
15 97
53 85
15 90
3 59
74 91
50 72
26 42
55 87
25 67
63 79
18 57
49 66
10 90
21 47
6 79
28 58
49 61
80 94
41 48
28 83
73 84
28 97
11 63
2 80
2 39
2 68
59 59
45 89
90 92
12 54
26 31
10 43
57 84
49 64
33 92
66 98
13 82
10 13
23 82
17 58
14 88
24 41
8 30
23 29
8 55
18 48
28 33
8 46
17 43
60 61
41 85
49 49
20 73
41 81
37 80
14 84
16 47
38 61
70 85
29 73
7 50
41 58
7 36
69 86
82 94
19 85
43 51
2 62
48 75
7 9
73 91
21 49
43 51
22 68
16 82
29 79
31 97
2 52
28 39
54 81
6 99
27 71
45 83
5 6
17 27
37 96
14 97
63 71
1 20
29 83
8 91
3 21
1 42
43 47
31 41
96 97
46 58
20 21
34 77
77 92
56 92
28 32
18 27
62 65
51 76
70 80
82 93
53 71
13 27
2 23
33 76
72 78
69 98
36 83
77 80
4 72
75 100
68 79
15 73
74 80
17 81
76 81
63 86
9 50
67 70
46 64
2 83
38 40
70 78
15 23
11 75
95 96
64 92
54 80
39 67
21 86
12 56
43 88
7 69
2 66
27 73
50 62
17 29
1 96
96 96
8 19
95 97
2 84
20 55
28 57
52 62
63 79
8 95
68 93
34 51
38 77
54 85
48 88
60 96
9 24
78 82
95 96
69 73
28 39
33 91
57 91
30 61
3 56
55 62
44 95
61 94
39 92
5 53
66 85
14 48
23 53
2 55
44 73
36 68
58 71
6 23
1 42
27 45
69 69
85 90
43 46
11 85
42 74
3 55
74 94
3 28
39 50
5 75
15 78
21 51
22 35
69 83
21 39
8 42
50 81
5 70
60 92
70 90
14 76
26 58
31 89
30 42
54 91
50 92
35 82
13 14
3 77
11 30
17 94
34 39
5 60
60 67
2 84
62 97
64 80
3 20
25 64
41 83
5 99
10 32
67 94
15 26
56 68
49 99
11 68
17 89
84 98
54 72
2 26
69 91
61 100
52 83
37 96
45 94
45 78
17 71
14 51
38 87
14 87
42 91
43 74
16 80
79 89
10 85
6 11
52 58
5 58
55 92
59 86
36 96
16 100
73 90
37 55
66 78
17 44
52 93
43 48
33 85
37 96
7 31
3 11
12 97
45 74
44 49
63 96
5 27
21 54
10 99
17 81
15 87
77 100
10 49
79 97
40 100
55 57
2 84
15 15
29 89
72 89
66 85
40 78
12 71
20 85
70 85
3 17
59 95
28 63
30 80
6 96
31 74
51 72
18 72
2 56
35 51
40 47
11 74
14 41
18 48
41 67
30 39
57 88
11 55
78 97
65 89
8 57
71 89
32 98
19 81
28 72
16 76
15 17
28 65
61 97
79 79
70 98
44 64
11 12
34 91
90 94
9 66
5 11
45 75
47 64
83 84
56 61
42 55
26 97
17 82
24 92
90 97
44 85
51 61
24 73
16 96
30 42
3 13
16 54
13 68
50 74
3 41
46 68
13 71
19 85
32 39
20 87
22 86
72 75
95 98
47 82
3 69
2 100
17 35
9 70
72 87
9 51
22 99
94 96
33 50
50 56
17 27
16 54
59 89
16 100
13 58
35 66
60 96
60 93
22 75
20 54
1 62
9 67
40 69
52 71
3 11
51 65
49 79
20 77
11 78
32 68
74 82
22 24
47 51
95 97
47 88
22 44
39 61
17 42
9 49
46 88
30 50
39 65
42 90
20 72
11 38
58 98
81 99
2 28
20 36
21 60
30 42
84 89
38 73
10 50
65 98
15 30
9 32
89 94
10 36
27 75
3 27
41 68
36 76
42 84
36 74
31 70
11 40
72 95
87 87
25 37
44 86
5 19
34 63
5 23
23 46
73 73
71 91
22 81
13 87
6 17
24 84
58 78
62 82
10 42
13 34
18 29
11 94
23 52
20 72
29 94
8 73
7 76
8 35
21 47
45 54
7 24
28 87
53 96
1 88
41 43
64 65
18 36
10 12
60 74
52 71
87 95
34 58
45 52
1 84
19 69
26 77
18 56
18 27
21 81
18 28
1 13
69 93
53 95
14 42
45 68
10 81
37 65
34 52
20 38
39 78
5 77
7 89
19 60
42 44
44 92
26 61
87 91
83 85
16 42
34 71
20 83
43 66
19 48
76 77
6 85
42 94
21 56
19 46
14 82
45 64
24 25
59 83
2 10
10 44
47 90
71 93
50 60
23 62
22 60
13 95
40 70
19 100
26 79
40 56
55 67
26 53
49 75
7 10
45 66
3 57
32 87
12 97
44 54
3 22
40 62
10 85
44 99
42 58
68 99
16 43
23 32
47 76
70 100
87 95
46 90
4 51
27 58
83 87
1 13
42 67
69 93
3 71
37 38
30 86
10 49
80 85
67 75
3 7
56 80
51 85
2 28
29 31
9 10
45 95
7 61
53 78
9 66
20 24
15 53
19 60
92 100
71 91
46 84
46 87
14 33
15 64
46 87
21 75
4 76
48 74
78 99
47 57
15 79
15 87
4 41
25 41
78 87
30 68
59 81
42 66
25 87
19 59
41 83
11 29
19 100
52 53
8 50
62 89
6 60
61 72
4 91
65 99
49 66
60 73
10 15
16 67
5 39
43 50
7 20
48 52
17 25
36 72
81 98
2 54
47 99
92 99
37 62
86 93
35 80
50 63
11 64
21 32
42 100
46 77
30 56
32 36
47 96
9 88
20 57
48 96
35 71
37 42
27 72
70 80
19 22
21 92
4 51
42 52
58 95
26 92
11 78
39 40
11 69
17 45
10 59
55 66
5 14
41 88
26 60
34 50
81 97
26 71
54 80
4 91
1 1
84 99
18 33
32 83
28 53
4 56
11 65
99 100
24 85
27 36
23 68
93 95
20 84
46 53
13 66
54 58
32 58
59 76
52 83
6 45
40 50
36 87
45 75
13 57
14 62
48 82
41 48
81 82
61 97
68 68
17 23
3 74
52 93
7 57
57 86
13 91
48 97
32 94
37 65
44 85
76 97
17 63
5 76
43 93
29 94
23 67
76 97
40 68
9 88
47 62
63 68
47 48
48 83
5 39
43 74
32 38
29 93
61 64
24 79
31 75
20 62
27 55
77 78
42 84
29 89
18 40
40 66
31 35
39 77
23 76
1 37
17 71
60 68
3 75
36 51
20 96
71 94
33 54
30 81
15 46
26 43
19 54
16 27
14 63
21 31
17 94
51 100
73 91
6 37
8 43
31 63
83 87
43 83
35 38
29 49
91 99
46 74
37 84
15 88
44 49
5 69
28 100
58 77
21 68
63 70
24 29
24 61
21 64
33 50
13 85
5 80
12 23
1 73
31 92
64 76
60 65
91 93
44 74
58 81
33 79
45 91
29 80
5 53
32 79
13 23
22 47
4 94
3 46
50 88
2 18
40 83
6 61
19 90
1 39
26 93
15 83
6 86
9 72
3 59
14 19
70 77
11 33
56 58
25 81
59 72
9 40
3 76
6 80
14 96
4 37
10 29
16 42
38 45
7 45
22 71
68 98
35 65
45 84
15 46
65 85
4 67
83 86
50 100
35 78
20 99
10 89
29 78
8 100
31 98
1 12
17 95
39 61
16 73
66 74
5 95
4 56
25 40
50 78
71 76
97 98
37 40
2 26
18 64
16 81
18 92
63 100
24 36
14 75
20 50
26 51
7 7
41 90
15 44
61 67
45 76
20 32
22 52
24 93
56 85
79 84
4 33
22 87
67 91
25 47
17 17
62 96
12 68
78 82
38 51
62 72
25 39
64 70
86 91
1 43
30 42
68 88
10 25
89 100
18 51
9 20
25 65
66 89
16 35
21 37
58 76
26 75
7 69
5 96
48 88
38 74
27 60
2 76
44 55
36 53
2 46
60 91
8 39
79 99
4 49
5 85
4 90
14 49
59 95
4 81
24 83
49 95
46 53
12 26
17 91
52 64
17 86
6 10
70 74
55 75
61 88
60 84
46 77
15 44
21 38
60 74
40 76
50 81
78 79
6 64
45 90
58 77
74 84
27 28
39 93
98 99
34 54
39 78
34 80
59 73
48 85
59 61
12 35
65 76
81 83
9 20
18 49
9 20
22 78
21 72
14 26
34 77
42 88
62 67
13 58
56 72
10 52
14 74
21 100
22 25
20 25
53 66
25 54
30 99
74 86
61 72
5 49
77 89
19 28
46 96
47 60
8 33
60 70
73 92
47 87
65 73
44 74
23 79
12 14
17 88
37 50
28 38
19 59
60 87
49 97
64 99
38 62
13 81
79 94
53 59
51 52
1 51
31 59
16 54
21 95
20 68
80 81
72 92
42 54
2 69
55 63
76 91
9 44
7 62
40 54
30 83
21 26
5 51
61 91
80 100
29 60
11 68
23 59
63 85
16 78
12 68
16 47
2 6
48 73
10 60
15 28
10 93
10 79
22 81
13 69
7 93
10 39
46 64
38 100
70 80
28 44
77 95
14 48
6 24
23 46
8 90
13 43
54 98
24 31
86 98
51 65
6 19
45 84
15 15
17 72
19 73
37 71
76 84
2 13
62 66
19 99
41 93
80 95
39 43
7 29
17 60
21 65
44 58
9 79
20 71
23 38
6 70
21 74
7 45
86 98
26 75
6 34
49 62
57 58
71 79
35 97
22 85
54 61
38 65
2 65
16 100
34 47
84 91
67 89
33 86
24 51
22 37
3 35
11 87
62 87
52 54
9 36
74 74
73 86
8 82
11 87
20 84
57 64
22 87
54 55
4 22
12 73
8 40
4 80
63 85
75 99
22 67
73 99
3 27
10 16
24 69
57 99
30 67
2 7
8 35
28 43
73 94
37 98
21 23
16 40
36 91
24 79
33 37
44 87
24 28
42 55
44 71
13 66
4 51
24 80
59 68
61 62
73 94
27 89
14 38
12 45
46 53
1 98
52 74
3 34
42 83
7 13
1 39
49 100
74 75
34 35
10 16
45 58
2 87
19 64
6 52
8 50
73 98
27 81
1 50
2 22
22 93
1 53
48 86
41 56
48 90
13 35
24 99
33 42
6 49
50 65
7 73
55 98
50 82
36 87
29 79
81 82
52 96
28 44
28 61
65 68
67 89
34 82
3 73
7 58
50 63
46 73
47 68
55 56
25 38
46 78
46 74
16 25
9 61
45 95
18 83
42 61
16 92
77 92
76 96
34 61
71 91
58 65
28 36
32 88
30 93
13 61
13 31
11 35
33 44
39 84
42 88
23 92
32 84
45 58
10 91
87 93
1 96
32 53
75 100
47 55
37 83
51 74
29 33
58 60
12 38
81 98
30 90
55 74
54 96
37 50
22 33
33 35
3 10
48 55
35 94
13 57
50 69
22 96
2 70
20 97
42 83
17 83
6 44
50 96
44 60
87 88
16 26
94 95
33 88
50 52
10 79
15 71
8 45
28 89
11 83
65 71
40 75
30 58
26 61
3 64
71 82
32 96
44 44
31 72
7 43
12 13
43 59
19 61
6 54
6 54
12 79
60 92
12 85
17 26
51 89
1 19
6 89
2 62
58 77
2 62
22 80
23 68
42 42
22 46
38 61
19 74
8 54
10 78
13 86
13 70
69 78
9 99
4 37
24 35
42 87
14 41
27 48
19 31
41 92
72 92
23 96
74 88
47 84
3 31
24 65
14 23
33 50
4 63
56 62
26 31
8 27
16 51
36 92
62 80
16 46
39 72
12 84
21 48
29 100
21 79
36 66
8 13
23 93
59 60
35 63
17 33
58 64
54 87
25 76
30 41
3 59
6 92
14 68
46 76
9 56
33 95
78 90
31 88
11 68
42 47
28 72
43 64
5 58
77 78
28 89
53 92
81 92
60 87
12 45
39 69
86 90
58 88
98 100
80 85
45 98
69 73
66 87
48 74
12 88
56 56
13 77
68 85
41 49
20 60
67 90
9 30
5 38
52 98
21 47
55 80
23 94
4 47
5 47
21 97
3 19
14 95
13 36
8 14
95 97
12 54
13 90
22 83
36 58
88 100
50 95
12 44
27 42
28 40
64 86
5 38
60 67
16 71
64 87
38 49
12 42
17 20
12 35
2 5
21 86
6 99
14 90
28 32
43 55
14 78
33 50
44 62
22 47
28 73
45 75
36 81
49 53
11 91
22 76
41 43
8 17
17 41
22 86
81 89
59 65
22 64
45 49
17 78
62 84
9 15
2 30
1 8
30 76
58 76
5 75
63 72
2 58
16 85
72 90
3 88
31 81
14 66
52 73
51 67
71 96
12 40
80 92
29 89
3 52
6 14
29 82
4 68
62 75
27 72
44 44
45 69
26 50
90 93
12 35
67 85
16 18
89 96
5 11
8 31
