25890
75957
46925
65128
96959
43170
48466
44482
92364
32332
11209
14093
7272
70092
34353
97527
57587
91374
16764
182131
37901
9796
48516
3612
132104
57734
59475
84569
55066
54366
149763
71491
51887
109977
15585
56169
61776
62687
34255
100872
9582
17778
2236
176071
21024
78407
81483
114970
32145
29703
8306
85282
9276
69732
18866
6288
45314
36844
54771
45074
89303
74635
40951
96053
45484
48234
28507
59106
53598
148770
5688
174597
29001
26245
102404
114252
86547
87569
39594
71532
32172
96959
29458
47687
70340
30964
3456
43090
62516
71659
169023
130214
68816
57614
45518
25654
176409
79197
56828
5484
150224
5112
36536
112100
58868
188201
73392
3720
25602
69811
26135
16565
93535
132730
163371
134670
26410
125054
143883
162887
94815
62592
18406
150123
134049
124093
57058
132524
4245
122074
36430
4116
57798
29876
12234
89255
55215
45647
10271
28507
15415
47921
5584
40699
63820
85282
36844
166959
151483
123605
101392
11006
158837
41739
24180
107090
108248
70092
29983
33684
50519
46161
10128
55497
84107
86010
63506
56570
84378
29989
25245
82733
87855
16572
63354
17653
163371
58873
35392
109759
101392
98475
134739
131480
75578
161009
171123
61052
92009
190001
72549
72487
16032
13988
166527
108069
19224
48453
30775
56961
7044
18302
74532
122677
44671
13302
164235
10271
75270
15485
34100
84130
9108
17052
124257
157135
176071
61652
1392
69006
130990
24826
137085
69089
43624
21285
96863
121433
173947
55230
22113
62420
102549
165003
111374
120057
48658
145923
24201
166903
72057
172803
85338
14314
47374
83723
92624
27777
24815
30390
49007
95700
96392
37943
75998
18948
17665
68405
44241
71313
44321
88025
106878
2208
5445
63595
122660
77313
35912
106216
43099
48418
1878
70960
4038
26523
113426
14664
6417
60778
29808
114200
24224
44146
22823
61522
29505
57502
29176
15760
11772
130553
72153
47804
64894
9108
44169
7843
20830
13980
21024
59528
48153
75652
18849
57058
17251
36018
57794
157299
31407
56494
53098
18562
67000
15801
35495
96208
159163
24348
13174
50704
47378
12688
49360
114626
36104
80030
99286
70192
68020
140391
18535
89823
83687
8062
70481
92009
82107
34338
52998
44481
96399
12234
6270
11772
82769
68898
32796
117821
99602
4284
19224
70246
87569
96822
53226
104943
81772
140057
148025
25709
20830
2940
134670
143157
32967
23369
65772
10369
4380
142371
142011
55763
33933
18755
54848
15130
100467
18895
102686
152021
170511
11901
49945
4368
105284
172147
83911
83249
51436
111692
74530
132104
55947
150123
109119
104322
114567
48569
41830
11066
144705
62783
51184
14280
60788
86189
3632
34047
102623
114488
153269
63378
50403
91457
34815
85187
56728
99332
114538
102672
80299
136152
86870
124093
130553
114753
16932
81734
128726
20629
32908
54190
9506
38013
18743
69480
99367
50519
67895
105194
6442
54789
55737
39791
112236
33039
57467
75688
11901
111825
73278
10589
3764
31865
4300
159735
20956
11574
18904
29739
150363
132730
71418
26123
118245
99148
27446
180961
73495
99602
8093
2204
80030
46119
160937
31599
78294
159185
42022
36864
89855
29883
30608
97696
116241
134670
57766
52979
81156
112080
26422
68898
80256
59710
33466
70000
52374
20638
54511
108804
15485
57371
10242
18909
104695
126297
19579
182275
63816
131604
144471
4842
128549
59577
41164
64679
50806
126517
29739
72318
6948
3576
91351
3798
67599
29661
106718
151709
42753
154133
59475
38758
120184
89454
97776
134930
40113
89370
104439
21009
73996
21061
43793
56828
120721
45896
100482
52611
97219
52383
78538
45573
181820
63780
39894
120933
23961
39277
131997
59253
49364
30648
30643
35912
32075
59670
38959
93893
69041
41282
44847
60408
155095
76504
67256
168363
9769
25128
15456
18889
139113
12590
178171
144341
163011
58801
103272
157349
144279
127281
17378
73153
131157
99035
43307
12463
17401
93486
109190
34144
86789
14477
87771
37622
36087
25709
67740
63290
15613
28440
12261
12635
67784
87227
8362
123265
120068
45711
117608
19605
63492
22872
157400
101319
13752
51030
31596
52440
41542
45632
61653
26511
89644
58900
36777
130089
89962
2094
10975
186521
29458
20923
20923
137115
4458
49216
116205
7442
63725
17229
46000
187859
121301
80820
66005
73347
33300
139041
81502
69955
116205
32693
30039
4137
174511
97188
83487
47290
18743
112996
133263
68494
111902
78202
48385
21810
11508
52878
143741
41804
2060
83538
122824
56724
5604
131132
68020
103027
162555
105714
91584
67975
24732
68276
31815
23088
54589
26962
83474
9016
6246
142270
127292
6375
11064
66022
187859
14627
102623
164859
144279
138356
55883
6288
28064
46798
5916
87263
51337
26410
119681
43994
71133
126517
51426
135081
97259
7824
100419
155683
12060
90982
99286
36513
37585
39644
136815
154849
46489
35184
1392
61482
16905
28081
110133
95595
118084
47804
49360
77426
52910
44241
21622
13837
11209
103131
75526
88001
140271
119780
61577
102727
69372
82757
29993
54771
60260
28589
80338
8277
109378
36036
60881
73725
9696
59726
18606
132891
131604
58648
25000
47230
45739
49244
1632
47353
13912
79594
17464
40893
11066
6246
10906
101162
32202
16786
3428
79891
16510
55947
39129
6393
141077
38731
9753
43295
151767
172611
132330
91584
151483
102895
3822
116616
17854
124022
94974
128037
46161
128037
108242
67096
79918
14692
107874
73495
24180
77704
55497
32526
27801
79329
17745
111681
44144
104450
88061
50569
79510
45372
106587
135233
127840
136253
166988
36795
34457
48110
18280
18895
101139
93981
20392
95696
47971
107874
128042
16932
49446
70147
74944
79594
121653
139901
103758
127046
32146
20392
13980
103006
12984
48679
66940
159641
26810
117932
16961
21024
27549
20392
145025
73996
8430
126646
30380
19510
29839
155825
45826
19077
66999
29284
104751
82757
56214
142340
165475
16157
98363
92438
52351
87651
69910
15103
90346
52604
18900
36895
168531
112351
63736
188561
28518
9458
69780
36314
143157
69004
59346
117320
73085
40951
47478
105348
9573
51341
15311
68632
35676
28574
65844
14192
3692
83077
63156
79569
24596
83474
67175
11574
39482
11508
67783
30039
142203
10261
116067
152021
85415
38224
57750
52383
39209
7068
85584
40951
46182
48109
13611
113865
32466
52137
12261
91534
85570
14477
59236
21993
167145
16764
69293
97188
32172
5938
68020
29048
86476
48679
151135
6224
16354
8062
71273
106136
79393
10704
5560
38204
36748
42250
70415
16961
67175
57734
73426
111010
20989
81521
121345
20294
15130
89303
75271
70415
52246
55606
43090
47994
39503
17653
15801
20733
144218
32409
6732
50927
144761
2271
11270
83911
101664
101319
99308
2172
77265
18755
40893
93486
1920
89255
104450
15321
23252
144243
25032
99263
5624
127887
46401
81241
90933
153975
63674
52534
112866
13252
113028
127840
127146
48984
44226
28587
76403
57513
27994
104224
56528
12017
32354
39353
59505
152105
6232
4009
139119
17516
56998
159411
43346
53360
85675
88893
7896
136322
67740
25245
120824
32145
8685
34176
20714
146739
98855
108990
51102
107503
52929
27933
22747
140774
32202
107638
37260
61163
140230
25634
47290
49006
83538
43474
74651
44146
134945
131126
142623
80427
39928
19534
30609
31539
67518
86952
14551
21862
47353
31865
4311
16378
55737
6050
72318
21024
83919
10242
77970
8875
11286
138893
12534
100927
50910
7968
50343
8430
12325
101162
18172
165111
133505
164175
8830
22450
23562
101152
37711
12234
53993
18202
155621
132858
16467
18146
102156
38781
16961
91650
159089
75121
97085
158527
33251
57105
4399
7498
144005
17301
30419
32220
64276
28710
4488
67931
22872
89855
75957
34304
54680
67518
100307
23073
28064
61515
90122
75995
56362
99093
26962
60260
32241
20236
94642
77313
11424
165411
103948
105284
65948
99023
136181
114753
124094
97479
106843
27446
10976
18948
10580
54010
91311
81156
80687
75368
53680
41542
169119
169147
13252
60368
44154
61244
114970
117477
10760
48303
95683
38428
32137
14455
34036
42270
73153
57342
56961
81165
30108
78583
35436
75671
80427
69780
15461
6325
10107
34112
162223
46119
125853
46085
11309
41090
89251
151700
141617
130397
10785
156775
124889
116596
75721
27816
4421
41542
118781
73368
74183
58660
7390
117477
166911
143157
21009
91791
60788
83527
10673
161179
44241
15529
90173
69508
14050
5708
86027
65076
29140
106482
19082
132498
108133
123020
78121
40114
124029
21285
16594
3084
42440
78025
13332
96819
78916
43910
89644
183571
66902
52378
15023
97259
89854
63238
172797
103006
91650
34617
89278
71990
77313
10429
21384
149967
80427
45982
80299
37429
122331
10844
37255
61522
88001
101256
187718
84577
89247
60822
31641
60748
20971
35707
45982
53703
54976
61215
67931
3632
146091
24386
60788
44121
21399
104731
117010
132123
172479
65948
103072
99870
9210
70896
169172
11134
43295
33743
125258
22663
43653
14974
63112
119097
71110
83474
95428
67818
136383
73725
62254
30875
43454
37722
106699
15023
12325
4170
3984
39125
49945
70736
148505
68286
67704
89823
76543
137481
13941
44205
83494
55215
65121
136685
51777
25770
27417
87169
85795
32131
33251
49674
129315
131465
62819
20418
5164
54190
49438
61510
134876
55688
37716
36018
58727
145979
102071
100872
35047
21548
5484
178029
106543
131174
5796
47698
13016
82326
85398
83474
102542
75671
32112
90982
61344
6417
86476
50314
35243
76735
71928
10285
49364
67013
115712
85953
32241
151135
43117
123982
24732
7080
48516
16932
146589
18909
45552
146628
17016
97920
167211
89454
121925
29412
44062
96840
166563
166903
75999
74313
24743
35616
97394
78017
95820
179865
44952
45922
79628
54739
147927
122104
101012
59577
9769
3684
15311
40837
70896
112647
38182
82642
46975
178220
148386
93639
38803
84941
87771
10405
22053
96527
30654
39667
76129
172479
115137
50519
38462
1524
49006
75031
37832
22115
17198
148386
29048
56983
29876
97696
30906
161523
35707
41303
150543
54940
124889
22015
103758
77544
146493
155131
22346
135954
19414
193950
129449
27996
125501
167439
118405
88246
33060
19725
51803
9412
95696
78993
46519
159139
17539
87964
6944
84203
95855
62454
34739
16282
68276
62921
30108
45144
67175
32145
73085
93940
16467
25000
116596
51711
131721
106989
56983
53567
87247
85069
83919
162857
143184
9120
20251
20638
82901
42574
46269
69504
70299
46269
11424
108093
15485
25707
91311
47434
23504
25300
110009
109880
66174
64462
50489
45552
4028
77596
12738
40266
6944
73085
144279
19592
19833
34457
116772
151575
43927
9120
144075
105436
47345
14974
4186
166911
169023
13593
37309
65772
176151
56983
139113
27714
114491
90096
81842
107488
118696
50303
70318
102516
4054
16764
103143
16764
90315
161259
30838
99586
10844
3798
58787
106159
114229
32241
50436
64314
142554
8271
33106
5688
67259
125477
59631
165003
82107
163167
89454
32192
114370
3568
18406
16531
21471
155131
139113
40893
20701
98931
93473
82842
92624
119097
27486
161319
10674
66480
114458
73543
62254
35436
47542
63800
9210
37255
97522
69508
12295
19429
28083
115665
103072
10389
132742
184379
136181
1488
54976
14986
25282
121060
41707
25866
21502
77544
87651
81241
100415
12152
32145
34765
5844
46775
53993
35827
172797
92915
104224
146493
8430
18346
27911
55275
81455
147855
19911
8027
75833
63354
106317
41231
25032
18900
116618
29418
28710
41336
39894
47490
47929
29367
35681
138560
26561
95582
102623
58017
9190
66522
23574
18580
65241
164907
65968
121460
76129
10510
103280
41542
102516
40485
37943
106718
53041
112996
5456
5796
63800
25260
69910
91433
81410
8744
62850
5868
114029
61515
94128
15130
61776
44952
42877
27234
37175
130214
63674
61635
79578
54943
48725
45552
41864
22113
3192
114440
81053
49978
8027
36380
38404
98072
55230
18755
91198
59710
178171
135954
93015
69930
140685
41105
19542
36475
71712
40234
69280
116264
39892
110836
54486
74097
6256
58770
6948
43998
140285
98828
39594
17301
48679
15585
122534
139457
91886
134118
6178
36731
73489
25032
64838
43479
74587
54129
29876
72864
23140
61584
6246
62830
103280
12688
142473
140874
50615
24658
70000
60652
72895
93410
160413
61347
163011
19555
29169
172719
95820
63562
62687
79628
91301
37429
134999
148217
74587
20777
102507
31096
157400
13380
148179
93346
71449
93609
82356
61474
18146
21993
123488
162773
146657
76504
99093
11537
132524
3264
72433
38781
12292
68170
3920
5938
26169
31865
54739
150027
23794
34638
26511
32169
60664
76978
146091
15142
47542
13912
30039
78538
4488
63736
138893
73543
132392
50506
11574
26676
128886
27801
27300
26135
79305
29625
25568
119621
132891
133263
73426
147927
85398
67000
74706
56948
83137
13188
150363
158103
15023
86749
30073
124904
165003
7404
51077
170967
12261
125310
18406
4137
16066
95595
102519
121985
148025
176623
97074
79771
81478
121982
67024
14280
81001
69856
5364
19660
115664
13308
16495
23029
71133
122494
31215
3428
12053
107090
143112
83339
85691
131174
15453
40932
59272
37753
36314
67335
43307
92009
134720
153725
166959
88181
101984
74772
11212
7176
81703
131290
5749
148124
91860
50898
25172
101015
7460
66884
104756
15217
109410
20747
35156
83544
49007
24054
29739
39746
7620
36681
15461
134720
53915
67518
138896
37812
19063
36681
41479
22562
97247
90028
69826
38016
13130
82625
111325
34410
101110
101275
26479
146493
23088
165099
30052
7620
30108
37622
59976
12201
38607
17229
98072
102672
65499
48385
27816
109119
38731
15445
18852
25017
98994
46519
81165
56724
73489
3560
112383
8191
161009
23181
88156
54938
52599
119281
44885
119097
164859
10720
59379
33811
140271
31066
11938
118696
25770
110006
69888
6246
49244
144005
60930
65766
38608
166988
47687
50434
5448
57734
127887
22353
39101
77881
63562
30735
150123
22989
11208
126696
34058
65524
47374
41739
30142
120616
91433
26638
125872
22434
24439
26077
11537
58660
115592
1392
78526
37812
43479
56668
74000
63112
78028
99624
69732
24605
58660
3318
88055
109869
30005
85795
28203
12261
31220
120509
18909
18958
84540
110949
42270
56362
10542
81097
57615
57058
36314
101066
4576
4317
122534
16782
80721
77390
74587
8568
26619
17831
43183
93275
123753
101015
50439
10948
92624
41452
43998
106436
46757
106125
35052
43178
52049
47542
71411
114561
12516
136152
5584
77484
70092
86952
82900
79579
144477
24439
34304
35052
75179
50752
13060
16494
48153
70146
43524
53041
74752
13090
5052
15485
97584
26264
73791
103907
7912
56586
123265
85187
13579
9477
76659
99879
61510
144705
37716
3732
76659
46549
27801
174597
142479
114381
8191
13302
148121
170967
49417
153195
27777
16572
54726
79771
31815
91802
73392
133161
121628
103252
51030
79305
41105
30964
87617
23445
67161
81410
16782
130397
19274
5456
141231
35577
62682
30685
11040
6534
56642
103252
36230
13060
119384
93602
88001
5700
69323
20817
79410
97479
88055
54714
49127
123608
130473
121628
64894
133890
41589
126336
104181
91374
6996
75166
106436
184009
93981
19007
14354
102071
33497
86010
138231
91198
139281
46925
170757
48495
98999
79393
34140
13828
132498
63238
55101
51843
143691
39546
21000
13332
64973
5648
52878
12984
33332
66005
59314
93076
98439
11809
28151
6246
85570
98507
15230
78675
138579
64314
6178
19524
70147
35135
124280
103072
109410
35784
9498
121225
140057
5809
11065
82356
5484
68382
119324
23930
126122
148617
17237
92373
106947
15311
94250
63420
118342
2016
127472
6270
45372
73548
38608
10101
19365
151483
33873
39209
20236
52383
68494
16550
87791
34176
40948
146706
85338
106587
3378
59284
86846
87342
20817
13060
118405
88332
14405
65891
134049
7600
16663
95421
69041
72490
13475
26515
63506
42917
18535
73489
102727
140271
9573
51803
82326
88599
97584
78705
94962
123465
73548
31248
159175
28622
69732
72153
82625
46944
17469
13294
150093
16338
163423
106632
127713
15613
66739
30073
46666
45518
125310
9210
127437
7426
15229
79578
90270
83025
114567
37622
119828
7544
98117
37585
48289
1236
51717
81450
130424
17516
26565
166563
77709
72268
38445
8482
93815
76659
72548
59710
77365
96079
93327
48109
71263
8295
30594
12984
19910
17844
141231
81410
119621
18743
81001
7068
44241
137273
26687
7843
90878
27925
13912
89465
50524
32169
13311
67564
12485
120422
21122
71767
91004
110064
12060
113028
23930
54129
42046
19524
48556
34786
30654
68908
43037
60841
77830
47994
97607
15849
65298
146583
46549
68346
43998
44815
61584
53482
3588
70415
22488
25890
117608
123488
167031
58676
180332
71027
32332
24605
53680
101012
123465
72266
1812
150027
46666
44482
43831
40570
9286
26520
52157
16559
3360
41336
37278
2145
87178
50403
34905
125258
95878
112599
37530
39482
72004
33223
70342
52049
4068
60388
30140
44169
19365
92438
95428
59670
47517
48532
71594
34701
141081
139457
157035
20714
24224
92027
127181
45144
82195
68898
66790
65194
130397
44658
31785
86076
74752
49482
81189
40150
52831
22906
47378
18909
92169
190241
61206
32112
77157
52126
88025
19234
52025
69076
51077
35905
31047
51077
72534
48153
47971
135315
35436
23029
17137
17831
59717
98966
122074
64840
29418
122996
112570
75604
157455
39209
20952
90669
69508
107090
77265
114279
24732
16282
26123
104450
53428
58202
127840
133004
93816
28348
53482
22703
68876
13941
49078
74603
11424
15142
75450
6534
104844
125618
80356
8912
168667
11278
47230
91198
30390
33639
6375
121653
31785
184009
53044
35140
13344
6215
74097
134945
87178
30380
29808
21584
186097
44929
42978
2435
52998
87178
21061
55215
149967
2052
136976
77446
54346
28616
87178
87879
5445
37751
48076
120648
36164
58416
46519
140285
98999
18895
17389
12635
91499
18936
141045
28135
52157
79822
41739
60347
5256
47470
83333
84133
8894
78881
50448
79628
98117
2142
164719
186097
160543
46161
126336
160673
29394
5721
110064
52828
71482
46119
46209
6732
63112
117608
34246
98855
94580
27781
1680
73996
77313
44927
4386
41195
50869
27446
63492
4236
115089
61278
19523
7372
75637
69041
106436
39730
18606
42579
137188
24826
22490
130089
10673
5358
27405
119780
95595
79817
43426
44929
25027
95696
132123
79197
17016
134999
81502
3216
104322
24841
35641
92176
18202
170799
15229
6336
18562
39768
83584
93042
70202
102672
30379
52979
127689
85904
5700
99664
141081
3664
6569
81001
129077
87169
33106
80755
79822
143847
75537
59878
7442
128852
11938
163371
14050
33954
21523
51248
39815
54771
100927
41908
114316
11209
13237
141129
8271
80721
42589
184261
67259
60550
155031
52930
47406
62740
21133
21048
126392
169147
34815
38916
30735
43910
49917
150363
97824
5728
108069
83544
28135
21384
83333
165297
5584
91399
40234
23100
19007
60899
171123
88224
106989
5346
20388
20745
21399
51803
124257
70940
30089
26071
38182
63290
89454
107503
13308
68286
22849
35577
83912
68107
75488
74603
73489
94649
19950
6185
157721
18562
78211
4488
184261
97584
148241
111595
97085
42579
28440
13252
43774
114538
5708
59541
11938
20714
10720
76072
106878
31215
16032
22140
140439
83723
5010
40970
144218
52599
32727
106125
42378
97281
76276
104660
129062
127170
142071
110402
98999
28613
89435
14405
15415
5652
121388
29445
103907
47929
55186
59236
32990
7924
75995
8894
170467
77484
116069
67161
35647
5764
120648
38462
28842
49501
113492
165297
127437
5648
26245
83077
3408
10128
141617
14224
18866
10271
24417
21993
63492
8362
