100
218 456 595 768 935 1147 1473 1501 1786 2028 2218 2454
120 385 641 857 1079 1110 1486 1597 1743 2080 2215 2485
208 340 543 760 913 1128 1333 1629 1851 1916 2298 2476
198 491 526 774 952 1272 1357 1685 1807 1922 2297 2368
153 401 571 787 911 1151 1481 1501 1805 1914 2196 2425
135 306 560 808 1088 1128 1452 1500 1731 2095 2248 2350
151 384 502 721 934 1238 1304 1628 1721 2046 2227 2437
150 407 517 801 949 1263 1495 1523 1879 2048 2137 2344
255 484 510 713 969 1242 1474 1655 1738 2090 2168 2488
247 308 531 880 1003 1160 1341 1656 1829 1911 2288 2393
272 433 651 844 1098 1276 1322 1588 1728 2049 2193 2415
153 402 550 847 1090 1104 1397 1655 1784 1900 2210 2328
154 356 613 769 983 1122 1378 1661 1772 1926 2232 2500
114 306 597 899 1043 1209 1427 1588 1881 2099 2163 2444
288 316 608 865 959 1124 1494 1602 1830 1995 2243 2394
135 470 574 743 1077 1166 1307 1512 1744 1967 2142 2330
255 337 503 712 915 1215 1353 1599 1775 2056 2103 2390
172 336 623 843 971 1135 1322 1691 1842 1975 2278 2330
116 407 615 736 1080 1243 1495 1598 1850 1943 2269 2483
170 497 652 855 1026 1189 1325 1512 1770 2035 2132 2344
261 321 541 899 956 1103 1351 1545 1821 2016 2251 2443
239 399 521 744 1040 1223 1451 1567 1837 1917 2266 2307
248 449 611 839 979 1234 1434 1637 1864 1916 2264 2446
238 376 516 885 957 1284 1335 1526 1725 2079 2225 2416
115 425 663 886 913 1273 1454 1507 1795 1962 2217 2359
195 486 646 859 1026 1162 1309 1659 1852 1921 2256 2312
273 404 604 850 917 1120 1348 1508 1855 2092 2146 2321
116 307 590 859 1020 1240 1437 1621 1706 2080 2298 2319
185 321 700 782 902 1218 1414 1651 1738 1998 2222 2335
127 389 671 759 1015 1299 1333 1549 1756 1927 2128 2313
130 319 665 721 995 1126 1489 1506 1819 2060 2233 2351
194 462 520 760 901 1165 1495 1632 1874 1950 2103 2412
164 456 505 726 1032 1206 1314 1564 1821 1980 2254 2356
263 315 674 770 933 1176 1309 1547 1790 2003 2101 2377
124 307 581 812 963 1206 1454 1582 1825 2044 2188 2402
210 353 520 770 977 1218 1419 1656 1845 2016 2212 2398
147 384 602 715 983 1123 1343 1581 1839 1906 2148 2354
282 393 668 735 1060 1121 1386 1614 1855 2053 2294 2471
287 398 554 878 1038 1297 1385 1519 1704 2071 2241 2407
220 358 686 782 1095 1231 1428 1525 1818 2083 2100 2372
236 352 518 757 902 1180 1310 1523 1738 1984 2141 2477
124 430 603 866 1001 1199 1450 1629 1734 2030 2276 2391
191 369 551 782 998 1245 1346 1656 1898 1945 2246 2343
102 378 675 705 971 1222 1433 1693 1873 2009 2293 2323
169 372 536 832 1015 1222 1474 1559 1745 1984 2137 2491
273 388 690 853 913 1239 1371 1588 1706 2048 2147 2437
299 471 695 724 1016 1134 1387 1553 1891 2039 2134 2408
155 431 551 875 1045 1208 1302 1642 1712 2098 2283 2390
227 395 515 795 1002 1218 1411 1661 1886 1948 2242 2325
142 450 521 790 966 1163 1496 1620 1834 1947 2294 2435
103 469 638 785 1071 1157 1344 1507 1714 2083 2250 2448
151 468 586 772 1081 1133 1384 1576 1801 1909 2119 2403
299 362 616 818 1077 1110 1380 1544 1736 2047 2282 2351
263 470 633 848 997 1293 1428 1538 1797 1908 2201 2335
173 406 623 891 946 1270 1462 1657 1724 2031 2227 2433
166 364 595 856 1097 1188 1437 1503 1750 2089 2115 2465
235 418 579 726 952 1103 1350 1618 1884 1931 2165 2379
175 357 502 745 1071 1262 1406 1569 1794 2063 2189 2382
243 341 641 874 907 1134 1489 1553 1722 1912 2153 2304
166 481 612 791 990 1242 1497 1680 1719 1924 2280 2404
281 409 545 715 962 1246 1339 1630 1846 2007 2193 2479
269 349 663 789 1085 1231 1432 1604 1708 1941 2239 2380
170 417 574 773 1011 1236 1408 1691 1894 1926 2114 2391
286 474 668 757 1005 1166 1393 1615 1795 1916 2204 2430
286 346 516 865 930 1283 1464 1582 1808 2026 2104 2379
211 320 599 766 949 1249 1420 1543 1855 1907 2161 2374
281 302 632 730 1051 1247 1301 1551 1812 2056 2126 2397
229 370 676 747 918 1234 1434 1669 1778 1936 2290 2407
146 350 578 821 972 1267 1486 1621 1892 2029 2264 2380
274 429 697 818 914 1251 1436 1662 1881 2022 2122 2320
204 493 699 885 986 1118 1422 1541 1850 2036 2256 2338
265 425 678 805 1037 1227 1329 1647 1830 1903 2280 2372
212 479 649 720 1045 1278 1367 1695 1842 1943 2170 2301
184 430 688 813 1032 1296 1395 1582 1897 1944 2141 2478
181 478 681 781 984 1222 1320 1700 1783 2078 2172 2324
244 365 576 715 1055 1200 1421 1517 1778 2005 2159 2415
175 396 615 830 910 1153 1342 1675 1730 2046 2117 2320
123 497 669 773 902 1223 1374 1699 1713 2014 2287 2343
140 322 568 724 930 1294 1340 1564 1861 1995 2166 2357
151 481 677 872 1090 1150 1426 1644 1837 1949 2204 2482
270 368 619 762 1003 1278 1322 1565 1768 1938 2286 2489
147 492 505 855 1053 1197 1334 1616 1827 1931 2253 2327
257 399 600 839 985 1134 1356 1586 1760 1991 2239 2460
121 327 521 700 992 1244 1418 1594 1865 1956 2273 2414
239 467 501 860 1015 1165 1475 1649 1787 1940 2194 2316
175 352 568 856 941 1203 1331 1506 1760 2044 2138 2304
274 477 546 856 918 1260 1403 1532 1807 2082 2283 2476
171 450 667 822 918 1206 1338 1571 1727 2065 2229 2338
136 422 635 766 901 1194 1325 1645 1848 2065 2172 2465
130 300 558 900 1022 1243 1491 1542 1833 2068 2190 2370
150 342 673 786 1070 1104 1490 1560 1721 1949 2102 2494
202 481 501 885 1023 1105 1482 1674 1713 2090 2286 2348
176 464 577 839 918 1211 1440 1553 1872 2031 2152 2323
124 320 555 781 909 1217 1470 1547 1883 2046 2269 2370
251 391 525 840 968 1296 1490 1565 1736 1914 2110 2393
277 320 536 895 984 1278 1304 1567 1845 1960 2145 2306
248 313 609 701 1081 1265 1389 1679 1718 1933 2149 2336
267 487 644 876 1017 1236 1418 1581 1886 2053 2214 2451
226 357 550 820 969 1213 1315 1620 1846 1953 2136 2414
140 420 528 808 995 1290 1347 1585 1819 2059 2124 2471
3000
5 18
9 48
9 33
34 66
16 65
36 57
28 53
28 51
38 83
51 66
41 46
20 26
6 9
7 43
76 93
9 59
54 81
47 92
78 86
3 96
24 43
94 98
33 57
7 8
34 100
30 59
4 35
7 51
27 55
14 42
8 84
15 52
54 78
11 67
38 45
3 32
61 91
21 53
7 24
47 97
51 55
38 46
71 71
4 94
81 91
54 92
44 84
3 62
25 41
16 31
46 49
50 92
77 81
9 45
54 62
85 87
25 48
32 50
47 73
15 38
9 55
40 76
40 60
25 73
27 50
65 88
42 56
48 76
44 70
24 99
8 10
8 97
44 58
13 26
29 80
18 75
45 87
31 74
77 97
8 45
22 38
16 65
2 17
3 27
30 65
83 98
84 85
29 51
8 40
13 50
7 93
35 100
31 65
29 58
24 47
36 48
7 97
1 42
11 40
82 84
1 77
13 15
22 40
29 85
66 95
4 100
60 96
83 84
47 59
14 50
19 32
66 73
41 87
2 70
10 93
7 75
69 81
1 65
7 80
14 97
44 91
11 43
6 15
7 83
21 88
8 71
51 78
28 95
76 77
34 95
70 87
92 93
1 31
7 22
25 31
12 58
71 98
4 27
64 68
42 56
4 11
12 37
2 4
12 33
41 72
50 92
32 50
10 95
3 80
16 78
49 99
16 21
13 94
76 97
9 21
32 85
26 80
7 43
10 25
61 76
2 28
45 67
39 43
64 91
54 95
47 89
12 45
14 43
47 88
24 39
76 88
17 59
20 64
59 66
45 75
20 28
10 93
34 63
3 21
13 69
49 99
4 55
10 78
31 97
28 66
14 96
12 99
28 59
5 53
2 99
38 73
41 76
81 88
12 19
6 91
9 64
81 90
64 87
56 70
48 75
88 91
61 69
46 82
39 100
72 94
91 97
17 100
64 68
60 97
19 26
68 84
53 94
5 9
83 91
21 83
20 99
4 94
29 60
19 19
35 69
1 68
55 66
23 92
20 55
31 53
74 84
26 74
7 69
2 91
65 92
14 25
43 73
5 58
5 89
32 87
20 80
14 39
10 84
40 52
2 87
10 47
12 100
49 91
25 32
25 49
42 83
16 63
45 58
44 56
65 79
71 95
46 93
52 99
71 89
29 67
78 87
35 43
19 54
74 96
23 59
13 36
5 51
22 75
74 74
44 46
3 36
12 74
20 59
67 84
1 56
6 28
32 56
97 97
65 100
59 60
17 30
32 88
78 85
75 77
58 87
46 60
29 86
10 22
77 99
44 55
52 81
64 77
52 79
52 65
51 58
82 87
12 78
37 72
66 89
24 57
5 9
64 85
22 25
56 65
81 87
81 91
70 99
47 70
4 43
16 25
51 78
31 39
79 97
14 44
6 86
14 30
58 85
70 96
52 60
56 88
74 81
27 45
36 83
2 83
58 69
9 15
35 60
24 48
27 33
29 54
14 72
68 85
26 66
33 82
56 90
6 41
7 78
63 71
44 88
43 84
9 12
19 55
5 53
39 79
80 97
15 42
73 95
4 54
25 31
52 54
82 87
9 52
66 100
34 50
9 69
32 81
86 87
81 90
51 85
31 74
48 96
65 91
39 91
55 95
14 85
12 87
25 38
56 65
50 51
7 75
21 93
14 31
39 50
60 92
57 61
74 75
5 77
6 78
21 49
20 37
66 74
67 94
5 12
4 56
53 61
30 81
15 92
7 94
35 40
5 31
73 74
17 70
2 90
40 81
6 49
29 55
24 80
51 87
34 100
8 37
7 83
16 71
20 72
39 96
7 32
58 77
31 36
23 96
16 48
57 81
64 70
66 96
6 51
16 17
46 62
42 93
26 83
12 90
47 77
62 86
13 60
13 31
10 54
69 97
50 99
33 90
23 74
16 57
32 100
17 61
8 71
12 78
43 100
86 94
58 98
36 100
62 71
52 67
24 52
32 36
75 94
23 32
61 95
40 89
2 28
13 48
31 83
97 99
48 74
63 90
3 23
19 75
44 60
21 50
61 98
35 40
10 67
61 97
54 58
49 50
29 45
97 98
8 89
88 98
51 56
89 98
47 61
11 87
2 70
59 94
22 35
20 79
35 84
2 16
7 99
12 50
32 81
23 26
43 43
26 66
74 97
13 95
15 31
49 87
12 93
21 42
52 69
23 68
14 29
31 46
35 83
42 100
7 75
36 64
72 98
38 77
18 74
70 82
66 100
46 85
53 81
3 20
57 91
45 70
70 79
73 100
21 75
19 26
5 35
67 71
76 85
41 93
20 83
20 29
5 98
11 44
5 72
10 83
28 30
14 79
2 33
30 51
15 48
14 40
2 67
47 61
47 82
12 15
77 78
41 86
96 97
45 77
48 62
30 83
12 89
63 83
15 93
4 35
81 100
35 95
49 93
11 61
29 97
75 95
47 91
44 96
76 86
56 92
18 28
43 64
11 40
2 64
47 69
23 73
47 72
41 89
9 36
52 90
44 66
1 94
61 92
65 84
5 67
13 25
10 30
21 87
40 69
66 90
81 96
9 24
67 84
71 86
37 66
40 59
25 72
21 56
25 46
62 83
60 89
21 99
31 69
32 65
5 91
21 25
63 74
50 57
35 44
19 89
30 36
4 95
14 87
11 94
33 62
18 70
13 93
8 81
3 68
47 55
34 70
18 84
26 75
71 92
57 62
36 44
47 93
32 86
51 67
5 50
44 51
44 87
28 47
46 63
25 38
4 39
27 59
22 29
82 96
73 78
54 59
5 40
9 54
96 99
3 66
29 89
23 46
15 74
39 48
46 76
62 72
1 81
8 60
51 57
59 83
78 94
60 85
28 49
68 90
63 93
41 54
35 79
11 41
73 91
23 88
52 96
62 62
72 76
4 99
2 17
30 40
30 40
22 91
53 54
36 60
21 79
19 22
40 71
17 25
56 77
2 98
6 68
37 76
30 63
22 59
53 68
21 91
57 97
13 49
21 79
42 58
27 42
60 61
3 92
46 94
44 85
15 39
23 32
36 92
10 77
50 83
17 73
29 68
5 30
38 48
80 85
14 41
12 85
54 73
49 49
49 90
37 98
60 87
92 94
29 95
6 41
17 69
17 99
19 72
46 91
17 52
77 89
30 64
45 60
64 74
45 71
87 100
24 66
41 45
46 48
3 75
25 89
63 65
90 95
58 90
2 98
54 60
42 93
10 94
8 81
25 95
5 34
85 87
8 22
58 80
91 93
10 55
41 66
69 81
7 68
54 74
62 97
2 67
65 90
23 91
17 66
83 86
44 94
4 83
83 88
50 95
33 82
63 80
58 75
54 72
7 76
22 100
7 31
44 61
28 28
37 67
76 84
12 26
9 65
45 92
35 94
66 89
29 54
25 64
17 44
74 96
36 46
18 24
41 46
7 60
58 95
6 52
5 76
15 75
41 71
40 91
60 94
8 51
19 34
47 73
43 72
39 53
52 91
59 62
34 88
48 65
32 62
8 46
81 85
30 60
8 17
11 78
5 72
24 54
34 46
40 63
52 73
67 91
89 89
41 64
92 98
28 68
50 58
73 93
71 75
55 57
11 16
31 81
65 80
7 15
43 44
40 79
6 14
8 37
39 58
45 47
16 87
12 32
35 39
2 24
8 85
7 95
32 98
46 91
3 80
16 68
99 100
37 95
91 99
32 94
47 94
23 87
45 67
23 87
27 81
33 66
50 89
2 9
19 73
12 50
9 21
57 95
64 91
81 97
49 62
6 47
39 47
7 64
47 68
30 82
28 72
72 97
61 100
38 60
5 60
15 83
33 97
12 81
1 86
62 79
26 43
46 69
26 35
2 11
7 59
3 52
58 67
13 62
76 100
19 73
32 96
87 95
39 63
17 53
32 69
28 68
18 79
13 84
10 63
36 99
70 85
58 67
81 87
33 84
90 96
50 73
34 67
15 96
38 51
24 83
1 9
81 91
73 86
58 67
15 88
56 92
68 71
37 100
68 82
50 59
72 86
16 95
77 100
75 84
64 97
53 66
6 60
8 51
13 42
24 96
4 88
62 69
5 56
53 98
74 100
23 67
37 71
23 30
33 77
32 58
84 93
13 32
6 92
40 96
1 34
3 99
56 69
18 22
3 39
21 39
21 93
2 38
49 77
25 84
24 61
40 60
21 45
38 90
75 79
44 69
71 77
56 89
60 76
37 51
11 45
13 20
42 43
12 55
67 98
7 48
68 79
24 66
54 86
51 56
28 48
80 85
16 51
15 30
10 82
23 27
12 71
15 92
11 55
30 49
37 65
9 36
16 36
5 8
20 63
40 60
65 87
6 31
33 39
9 67
36 52
64 89
73 78
34 79
55 97
44 51
27 57
73 83
13 98
77 85
22 57
46 94
22 38
32 34
6 41
32 46
36 78
50 73
23 99
69 71
14 22
9 12
1 38
25 78
14 55
53 57
4 6
68 86
80 98
79 100
42 76
1 9
54 86
30 59
58 94
34 89
53 62
8 50
3 65
60 69
5 12
9 55
63 100
42 76
52 76
29 57
29 51
17 41
71 90
20 28
74 81
14 24
24 97
75 91
13 16
71 96
16 89
64 64
32 37
40 81
9 61
8 60
51 100
53 53
21 60
66 74
73 93
47 93
96 96
12 58
30 82
37 44
67 77
9 82
62 73
18 68
48 50
22 86
73 96
13 55
3 50
19 97
38 69
53 77
5 63
3 9
37 93
33 97
5 70
60 83
21 43
41 55
54 91
39 67
4 18
1 55
10 39
45 50
23 39
17 37
42 71
17 94
57 59
69 70
22 92
49 57
28 57
11 92
24 46
67 93
40 82
4 50
24 27
28 97
4 39
76 88
13 74
25 41
73 76
49 65
2 12
22 96
15 65
6 62
16 42
45 98
49 74
23 37
33 44
26 97
65 80
46 99
61 78
17 48
4 75
37 49
15 39
58 81
49 90
70 91
19 57
77 99
2 71
30 96
11 83
39 78
30 50
91 100
75 90
61 75
36 69
18 62
72 78
5 16
41 64
29 45
63 64
24 32
63 90
20 22
47 82
81 91
23 65
67 71
48 86
70 73
50 55
16 86
61 66
40 90
19 45
86 89
10 36
68 71
58 63
31 81
25 34
11 95
3 71
16 99
72 75
70 80
49 60
35 85
5 24
25 31
5 33
13 22
15 94
8 75
65 72
27 36
38 88
73 92
1 9
25 71
14 95
33 70
7 57
19 99
43 59
41 69
22 23
31 34
13 86
15 23
11 26
79 95
9 42
65 78
72 73
29 63
62 72
23 68
9 48
30 47
11 39
36 69
24 74
17 28
8 22
3 35
55 99
43 80
24 53
7 58
87 100
43 72
76 92
24 34
1 50
20 59
84 89
9 93
36 87
17 70
6 40
43 92
13 82
43 100
31 93
10 60
40 93
2 16
15 20
78 87
12 17
53 78
19 65
38 77
17 58
34 71
30 57
28 49
14 100
3 89
3 9
8 39
46 67
27 58
3 62
7 67
13 18
62 85
40 87
79 98
24 40
56 62
50 66
33 54
34 70
65 93
47 74
5 47
78 93
36 74
4 22
42 79
39 78
3 39
35 42
21 23
63 67
66 82
18 100
74 97
23 86
13 37
42 47
37 57
41 85
1 78
1 73
13 79
73 77
21 100
5 69
35 93
35 72
46 59
38 39
28 49
40 99
2 40
43 79
25 55
11 14
7 67
7 92
21 93
76 86
45 90
66 96
41 82
68 72
3 85
74 96
40 47
6 53
6 42
93 99
40 42
54 96
66 98
33 47
20 73
4 13
7 74
2 58
28 90
16 56
70 89
20 82
74 84
8 16
30 31
68 88
15 55
85 91
44 92
3 44
18 40
35 79
2 96
24 58
24 51
68 74
17 66
34 78
35 66
9 97
33 84
25 71
74 91
51 95
36 71
20 59
20 24
48 58
9 85
39 78
18 41
16 57
11 30
22 83
47 52
6 25
52 81
6 52
19 70
1 97
2 46
19 64
59 88
12 28
10 41
19 29
72 89
18 41
21 48
70 97
5 37
29 63
16 17
7 81
3 15
66 96
49 70
32 42
40 92
3 63
22 88
5 93
6 40
49 100
11 62
50 54
34 69
1 87
10 15
2 24
1 18
27 90
20 31
44 65
8 15
33 64
6 67
52 86
24 66
35 82
59 92
11 80
8 46
50 80
39 54
25 47
59 76
4 59
68 74
58 63
56 57
52 53
24 44
5 31
31 66
17 92
49 82
9 44
44 88
12 52
19 88
73 79
63 84
56 97
71 98
64 96
15 84
22 48
46 58
75 88
3 48
41 83
17 33
43 59
18 43
11 76
4 71
15 47
7 17
30 32
24 52
15 40
40 70
26 94
30 58
77 96
79 97
23 53
1 75
13 65
47 97
14 32
47 57
82 84
6 97
15 69
27 93
65 67
26 50
47 53
47 87
48 90
24 66
27 78
42 79
49 64
50 95
68 98
75 77
36 78
25 51
43 60
40 77
3 40
58 62
66 90
20 54
16 74
22 65
76 92
23 99
8 30
35 97
77 89
27 30
33 57
87 95
19 93
76 85
22 45
24 98
82 90
38 86
8 93
49 93
15 76
6 21
20 42
49 97
5 90
2 87
44 81
37 73
20 32
78 96
32 80
9 49
38 85
5 97
60 81
17 40
27 67
34 61
10 85
35 96
50 100
2 33
21 25
12 13
71 77
10 31
34 69
39 95
69 87
53 93
51 73
1 92
25 100
11 59
41 60
9 53
44 87
37 41
41 52
6 56
36 51
8 28
16 55
5 93
5 64
2 28
21 40
30 30
58 81
14 53
66 84
27 38
48 56
25 100
32 46
35 63
7 22
35 83
35 50
11 93
72 89
71 91
21 97
56 82
5 69
72 82
9 62
23 62
18 92
2 81
4 15
5 74
90 99
1 100
17 82
78 92
15 78
14 99
11 71
33 76
33 49
73 82
23 49
3 7
13 62
5 46
50 72
4 85
21 29
35 78
42 45
15 58
20 68
59 89
42 59
25 33
30 64
32 63
78 93
37 59
54 86
25 41
24 61
36 82
65 72
34 46
35 93
20 46
23 89
23 76
35 63
54 79
12 57
12 56
39 80
13 96
26 98
6 10
72 81
70 79
10 53
20 41
64 86
8 44
44 78
64 86
84 89
10 65
19 26
49 61
19 65
30 54
25 37
53 64
42 97
24 79
48 80
50 81
4 30
22 45
17 18
56 94
24 30
23 43
42 45
24 61
8 81
46 55
74 83
26 43
38 96
7 84
53 73
6 10
11 84
35 87
42 65
8 15
57 58
7 92
7 93
74 80
55 72
60 92
6 96
35 63
19 89
36 49
41 98
38 82
26 67
35 88
36 95
9 35
40 74
22 73
58 59
78 86
39 90
77 85
54 98
10 92
84 99
34 83
48 53
96 97
32 61
14 68
40 97
76 92
60 84
49 80
28 100
60 63
83 99
8 10
23 57
17 80
62 91
5 89
39 79
6 89
49 93
67 82
34 91
35 36
6 15
55 62
31 41
2 81
19 89
73 93
29 39
44 93
9 57
19 61
16 63
6 67
6 20
5 87
25 30
9 43
30 87
62 98
50 80
4 22
16 40
6 39
50 54
6 25
33 81
6 42
22 27
36 45
17 31
8 67
49 100
62 66
1 69
4 98
13 82
35 35
70 97
15 22
87 99
38 98
6 27
7 20
50 60
23 62
23 67
13 55
25 75
13 19
25 41
41 58
26 28
10 34
5 33
10 28
9 97
7 55
1 55
18 92
68 71
24 33
30 44
19 47
42 82
7 82
32 41
67 70
11 50
45 75
44 97
2 23
62 73
84 93
32 90
36 50
65 78
52 71
65 84
20 44
52 74
61 74
26 44
27 97
21 34
32 79
43 94
43 71
33 37
49 81
37 48
58 66
63 95
7 91
40 72
28 89
16 55
30 35
26 77
28 49
22 73
63 82
71 89
30 83
50 75
36 92
43 45
65 67
6 39
64 75
37 71
10 57
25 66
13 17
65 96
87 89
10 68
3 35
37 83
5 12
61 91
60 81
9 31
65 77
1 20
35 100
38 69
62 92
22 62
35 62
8 33
22 45
49 69
14 25
89 90
1 60
11 53
31 56
67 70
66 83
31 50
52 100
65 92
66 74
51 96
53 81
4 95
5 74
44 90
59 93
23 94
15 36
37 46
9 27
6 43
69 88
65 99
17 75
32 52
4 61
59 85
9 47
98 100
59 87
12 15
65 86
12 83
28 77
77 97
15 23
50 73
38 45
32 93
17 87
31 76
6 74
56 58
42 60
1 39
62 73
25 58
4 26
41 77
4 32
7 22
33 69
87 98
6 38
55 57
58 88
26 77
27 33
19 91
28 99
8 34
70 81
57 91
25 56
13 51
30 76
17 98
46 75
11 94
34 43
60 73
8 96
38 85
36 67
21 53
27 67
12 59
11 30
1 70
15 90
41 77
22 32
3 56
53 67
1 81
39 45
11 86
34 80
63 98
2 51
46 86
53 82
27 36
73 83
24 86
12 95
15 89
31 69
7 58
44 49
28 95
14 15
17 54
73 92
55 60
41 74
48 49
32 34
23 36
29 45
34 61
10 86
36 47
36 53
41 54
20 36
56 85
52 89
7 81
6 13
16 40
92 98
15 30
52 90
72 73
1 34
16 86
62 98
33 99
13 39
51 56
83 96
9 74
49 62
63 75
19 32
20 60
74 88
24 37
8 69
11 78
10 77
58 94
10 85
48 90
56 88
39 75
67 95
3 46
79 85
11 87
8 88
68 74
2 47
25 40
36 98
5 89
91 94
42 67
13 100
73 78
6 70
7 16
60 61
27 35
45 92
44 95
17 78
12 87
3 93
47 95
34 73
50 90
31 92
55 87
64 70
12 54
5 41
90 92
25 35
24 82
77 83
64 71
53 63
62 97
36 97
59 73
43 44
21 26
32 85
27 99
11 54
43 85
27 93
76 83
60 79
26 56
10 29
21 39
62 95
71 92
5 53
24 92
16 94
10 95
32 75
28 79
5 44
4 9
78 81
40 80
3 70
1 3
1 76
37 82
18 44
66 77
18 69
17 20
25 59
26 78
18 25
7 63
44 54
38 55
20 62
71 95
6 18
47 61
19 39
93 96
64 81
35 42
24 92
7 35
36 69
26 96
33 52
21 30
64 81
7 28
2 13
19 68
53 97
58 92
34 53
48 54
1 44
45 100
65 81
48 98
17 68
27 40
18 92
64 74
8 92
50 64
93 96
78 93
28 47
61 90
62 67
62 80
17 25
52 100
23 74
45 76
5 30
46 59
16 71
12 32
43 50
87 96
61 72
47 96
50 72
5 47
60 87
1 39
41 42
14 71
58 61
14 96
75 86
36 79
17 45
48 73
3 64
10 33
6 67
10 94
27 32
6 37
6 23
5 76
85 100
94 99
36 95
46 58
27 82
4 40
55 57
67 91
13 86
65 95
36 68
22 41
1 86
3 27
53 76
18 20
30 59
22 86
12 23
1 21
35 73
36 67
40 55
7 83
65 75
78 83
9 73
29 46
4 38
25 49
76 97
70 84
36 96
10 57
55 67
34 97
7 18
42 54
51 63
44 49
25 55
28 86
19 19
53 91
33 52
4 26
57 84
3 41
33 64
30 69
10 61
9 45
39 51
25 55
28 29
26 70
8 64
28 43
41 83
22 36
73 78
32 47
17 77
76 85
70 78
46 87
21 76
33 54
24 53
60 64
4 46
6 36
51 78
21 39
27 77
98 99
75 76
32 93
10 18
18 59
28 67
41 77
12 16
16 29
33 41
72 93
17 64
23 85
18 69
48 72
29 34
16 63
31 52
65 86
26 79
8 32
2 57
53 69
16 38
4 31
16 40
54 88
42 99
52 57
32 100
2 4
22 61
7 43
18 62
36 76
33 72
19 92
42 54
30 47
53 69
24 62
28 54
4 10
89 97
47 70
48 82
22 44
50 75
31 68
16 22
12 14
19 26
37 85
9 22
44 80
12 65
40 43
59 86
3 66
10 54
23 29
44 48
19 58
2 54
40 70
23 96
77 96
66 67
19 58
6 30
49 62
8 97
9 81
19 76
58 61
91 97
16 91
13 100
41 65
6 84
45 58
59 66
13 41
34 73
45 60
55 100
60 96
18 85
29 90
35 86
59 83
20 60
15 36
83 98
14 59
73 84
63 96
25 66
10 18
13 79
3 12
43 45
22 93
59 75
48 78
42 57
77 82
53 55
32 60
35 86
29 47
4 10
24 84
13 61
6 52
93 95
28 63
65 74
21 61
10 60
26 70
1 29
2 27
25 87
2 69
29 90
24 57
31 98
44 64
8 72
11 64
47 92
89 92
53 89
26 79
3 97
3 52
67 75
30 37
13 65
18 35
47 89
10 80
51 96
20 90
9 33
10 97
11 36
19 69
14 55
79 96
28 35
7 74
35 66
49 75
21 47
6 79
18 38
78 88
85 91
21 54
16 18
14 41
84 90
5 22
30 63
52 80
51 97
3 54
20 25
18 32
46 48
55 97
42 91
46 53
18 58
8 78
49 80
56 58
79 88
17 53
1 19
26 88
49 100
7 63
61 77
93 97
4 66
14 85
23 25
70 74
46 86
82 84
48 81
25 85
2 14
32 95
22 97
45 53
2 50
39 92
71 77
52 98
5 38
33 92
18 18
26 90
52 54
38 60
5 43
22 41
74 78
15 24
3 80
47 63
16 36
24 34
9 36
50 83
61 68
43 86
49 65
41 61
25 99
49 91
5 60
34 35
55 83
1 46
49 92
65 74
4 10
11 71
38 81
66 72
29 62
21 88
3 6
23 31
2 52
21 56
40 75
32 38
42 55
12 45
10 32
63 71
1 39
40 91
9 80
75 79
23 49
47 87
45 88
37 85
19 59
49 96
18 80
5 43
5 21
3 84
38 52
9 45
37 72
1 44
1 25
16 24
6 12
18 94
60 67
4 87
21 74
21 85
22 29
15 49
25 40
35 58
24 47
6 70
50 54
18 82
32 35
42 49
22 62
26 71
5 48
39 96
28 47
28 88
15 18
24 73
58 75
53 75
51 51
39 64
20 61
34 99
46 54
14 27
5 90
1 41
55 90
64 82
28 32
21 68
19 58
31 67
53 81
62 100
23 71
18 65
6 31
35 70
63 66
55 69
90 96
27 37
80 88
22 93
25 66
8 69
23 32
12 54
5 8
74 96
17 86
30 43
22 25
1 48
25 39
92 98
13 59
33 58
20 36
5 11
3 38
67 72
32 92
3 13
16 53
17 63
19 74
83 88
37 93
2 14
4 32
78 99
79 88
34 58
83 100
36 51
33 67
11 33
33 63
61 99
17 41
20 69
17 24
67 99
23 97
6 30
47 80
65 86
51 72
6 38
51 76
94 95
42 76
84 95
5 18
15 74
24 86
11 96
10 40
1 93
43 77
51 66
39 51
30 57
50 100
18 80
29 65
7 7
10 86
35 58
28 51
55 75
80 100
11 15
79 92
6 33
30 38
90 91
52 71
44 62
61 61
25 69
62 86
40 57
27 90
1 51
22 78
19 38
43 62
57 92
58 73
41 75
4 31
55 56
11 42
66 80
64 85
15 24
53 98
35 82
37 66
38 61
27 52
28 64
63 79
20 91
1 72
5 85
2 12
10 22
43 88
15 79
37 59
15 57
66 100
51 83
53 84
13 79
35 57
73 88
37 79
31 68
17 42
6 48
29 49
73 99
55 65
24 48
76 85
3 51
3 100
48 77
49 64
6 46
25 52
5 51
69 77
5 32
55 88
42 67
11 29
44 59
42 67
39 74
47 70
76 100
22 90
4 22
53 63
22 30
33 41
39 68
27 76
34 95
55 86
36 50
13 75
34 90
57 94
10 90
16 36
86 96
2 49
6 42
32 85
21 60
22 79
77 89
25 33
22 35
30 82
29 56
31 60
33 97
30 97
38 84
51 64
51 76
21 32
25 60
73 79
70 94
54 90
84 89
6 13
23 61
53 55
23 75
30 93
2 44
14 18
4 90
9 14
40 63
51 96
65 79
62 77
63 65
18 79
73 88
3 97
55 80
32 49
87 93
68 70
9 47
2 71
25 69
68 82
46 60
46 56
5 100
7 30
59 79
98 98
15 42
51 94
18 28
71 98
9 85
88 88
26 95
58 96
52 77
68 81
25 69
21 65
44 46
4 23
55 77
11 72
30 48
61 89
50 72
12 83
19 69
53 61
40 48
54 59
24 70
85 94
21 92
11 25
6 33
60 99
76 97
31 61
77 79
18 42
7 50
34 75
71 74
11 52
61 85
27 67
24 73
99 99
2 86
5 100
18 99
45 67
8 72
12 94
62 75
76 78
19 74
28 55
53 87
74 97
63 85
13 16
33 64
15 74
70 86
15 65
53 99
50 63
79 79
56 92
20 59
11 34
46 47
4 25
50 74
2 16
46 76
87 88
20 77
47 76
45 54
4 7
1 40
21 56
26 79
58 76
8 17
62 82
2 72
55 66
3 14
23 88
68 72
19 21
64 76
15 75
45 92
8 49
69 90
7 30
43 55
13 62
22 88
1 42
82 90
1 70
60 100
13 14
20 72
52 63
16 34
36 81
13 22
8 95
42 49
86 88
52 60
48 67
27 69
49 95
29 64
23 74
8 23
72 98
19 83
56 98
79 81
36 85
20 91
25 26
38 40
12 54
12 77
3 48
83 99
36 75
60 99
5 78
7 46
1 32
19 22
25 90
94 99
10 93
93 99
35 52
33 43
67 92
4 24
47 73
40 90
57 76
2 61
41 46
70 75
18 89
60 63
18 59
12 34
6 100
23 57
51 80
5 84
69 95
39 62
55 85
16 26
77 87
35 98
3 89
13 31
2 22
40 55
18 40
22 47
11 87
21 70
24 26
9 64
20 62
11 25
48 58
7 50
14 98
2 4
40 85
69 88
77 88
67 75
19 50
12 99
46 89
23 76
33 35
84 94
15 25
32 42
23 49
21 83
24 60
20 35
18 31
69 87
27 59
49 93
45 98
77 83
49 82
29 40
18 36
57 98
14 49
3 42
54 90
1 39
27 74
38 47
37 39
15 95
52 60
40 78
72 73
6 100
37 85
13 88
12 69
7 57
62 82
82 96
3 9
17 39
33 90
40 42
63 92
94 99
2 12
27 32
55 92
22 75
59 73
81 88
10 21
10 81
42 83
29 31
42 62
24 97
48 73
40 56
2 57
34 55
8 58
30 68
25 77
27 92
11 75
8 80
1 58
19 69
29 43
25 70
66 72
4 11
7 9
24 85
63 76
12 65
52 74
50 76
27 57
56 71
39 42
43 80
71 74
4 91
22 61
9 68
63 96
5 23
41 43
11 72
21 40
55 68
40 64
28 85
14 98
18 82
16 18
13 26
12 55
18 19
39 43
1 73
65 71
54 62
64 68
12 24
73 83
46 76
96 99
