234884
560400
246990
410712
385343
532300
280162
454266
364069
140910
455440
494567
71819
441196
85076
152011
177964
326288
356918
208213
135716
178925
685645
438016
579874
74101
74397
739839
27694
180812
770827
62821
47765
138922
213096
130323
186869
85021
485780
456875
593158
599019
50457
541238
390564
495758
316948
296386
699120
108021
476853
222925
223433
269492
178383
330047
110244
111582
382194
252918
413706
850850
244980
346332
485701
596442
507131
496471
208898
75517
75222
514653
121302
711000
373039
280733
194416
648179
547893
258633
654507
240332
665641
19696
456743
467155
149004
156153
592667
551228
208898
487767
28325
731489
830267
448787
440627
9404
438474
25701
774230
113371
75922
65264
243873
288298
159323
57559
270233
392959
17379
56154
504721
244773
887184
404771
306990
188700
234009
129736
430745
180229
491633
46861
374404
419158
77886
350924
595488
56451
533298
37089
532265
73013
429682
175047
730558
522684
92450
263933
48830
216021
179888
240527
283242
589122
133054
356918
414189
345379
27362
400686
142136
836317
437584
385569
122762
392179
46576
538352
206431
438830
488226
374294
189673
655123
64575
93569
354825
334644
666353
19106
489926
194975
636520
373819
401080
186743
224825
619783
589291
254575
428706
356327
143333
317269
299496
249647
143659
207402
121148
645840
179072
200167
124285
466866
141743
76366
141065
161904
495758
129446
289719
639067
721374
180959
563710
92368
353657
327198
19233
477506
240548
736430
444758
402126
532265
33675
37527
184448
56055
63202
563845
289885
541914
209418
404816
552322
764384
447633
175619
356390
519539
476556
795815
119520
825312
606240
319850
299733
94283
825537
227528
180429
365946
281696
95213
393360
28601
76902
579874
673374
813286
409390
299398
522009
27148
181231
190993
284133
830720
262528
188383
197848
5736
55469
196849
258633
468288
468428
9990
816005
401106
247069
167234
617083
272027
407797
495876
657139
308811
77904
570690
583280
495443
68405
777274
260402
354713
635303
254575
262002
132591
127623
93884
9418
189867
330641
250728
232056
655154
103291
205877
290624
305889
354379
375431
149383
57034
420565
287427
694019
570690
554176
212266
36535
393329
166637
352882
164338
419211
631666
320660
395239
694326
730528
441623
140962
131391
438980
338863
403157
354271
431744
186804
430247
713679
330301
121148
87893
330911
247069
514809
382051
551228
317210
324690
18071
249986
160448
178950
263429
111582
290624
364498
393486
88729
131010
363885
580695
115546
675680
149474
161680
205877
325811
804741
600129
455816
251819
251127
311786
178383
151779
429510
385237
730634
692511
671963
74367
190613
67939
589219
27995
18277
36918
282580
307261
85536
46763
254884
37345
570452
9286
64857
123641
544298
479127
755118
261900
720965
195699
271177
47328
290681
157070
477217
56698
226234
533096
103687
174456
227581
551717
111633
245709
495581
428005
205910
150726
261900
374097
227001
89144
683112
95213
56698
267746
96251
28650
485806
522684
65400
354001
36761
81218
468985
37060
700121
495443
364021
223964
132366
300744
393160
110244
314145
346444
262689
446955
326805
218709
177112
390564
216021
163998
359752
119520
112058
69075
267746
42374
174825
432923
127623
645065
67360
188828
166637
740516
539460
338662
161332
176922
504925
54297
187670
128336
400488
96264
366821
102915
355022
9878
36224
374312
521789
140570
160718
47062
611107
120216
290044
409414
206077
448346
515216
290615
219097
180169
249647
16776
243459
503666
150270
27109
187472
330511
515058
355715
464148
94766
797728
29326
656494
74376
76860
431983
346120
272027
100687
205877
46072
825576
28594
209489
113303
584980
340942
401775
381993
187733
241900
170022
227001
486980
636955
467176
430629
116314
65203
540241
263696
767214
156747
505921
296386
37774
336264
65853
308793
120536
18941
301455
197224
287805
110600
598986
63113
638301
174625
76747
145377
206378
83888
100252
204651
56926
746049
258611
524907
123253
213649
9174
598577
19061
218483
187347
504452
194331
416056
234971
311774
391114
156679
522172
207402
244574
244694
132762
609816
178742
298929
372169
475982
258942
310542
213159
104191
153210
213191
179143
56763
419505
595290
694954
209841
35641
117147
47229
345228
331577
367172
440236
125694
263963
263933
66823
104111
140427
409600
579318
740415
410070
170167
244849
486027
294500
419211
701263
70662
383616
512351
198965
171673
34640
193749
83712
83858
69750
366433
66909
266575
25274
755010
345025
131164
150206
440189
393585
681611
197143
214560
811901
448234
65848
83712
170232
301028
131903
636955
306181
67851
240698
557017
86231
212844
578392
196897
712504
729139
316099
684568
241136
187733
563925
392192
213928
207444
223711
268431
528451
68468
9339
720965
345173
421869
531153
94114
261703
38445
174547
774653
657735
650899
103291
691601
287565
204288
65504
48221
422311
419390
363966
379068
870203
447721
96437
75494
597617
131253
260857
475982
243131
251052
160639
748960
513161
57246
23877
19778
608948
66172
355788
282487
280666
262684
226369
151273
729401
140209
447428
59931
36803
28373
123362
330047
236113
259639
357846
198965
75198
299893
103291
123314
598965
597964
129446
103687
355547
486027
178435
320661
326234
55517
401266
699120
608644
308370
269742
397696
65267
644849
886711
37300
187111
514247
130112
319071
711409
325589
543542
205132
287219
131911
8259
186804
262272
381420
169274
514181
272498
411883
384975
18360
296032
524888
87225
19877
430763
102232
467950
103369
27166
551012
427592
513656
488665
37443
29428
550008
167230
159725
550174
540460
38612
825537
114223
196582
439442
815960
307579
47141
131442
431035
121790
169274
77405
642463
362348
369710
240829
365252
387946
438368
84349
582668
496582
125200
46653
685645
253164
53810
39215
141743
160130
240842
217566
33919
354599
437497
740415
876829
577901
550659
245958
410070
588812
122503
19571
103559
420565
178384
449918
232645
392112
121790
120985
121790
289393
544298
307261
328146
327198
569847
381167
692923
543542
482413
202916
64717
460113
340942
391336
495102
463548
486472
93443
137013
105805
569956
27542
692855
280983
176705
97577
438375
17243
222925
291849
35729
279221
298929
460285
76036
131524
319151
505494
15850
736299
457324
491633
370806
69750
35464
39215
421841
421521
402489
131769
620572
8925
94114
278414
246453
524671
729139
27694
272343
495690
159612
199034
208086
573803
85426
338634
227394
516561
270905
328146
105224
161680
147005
316099
231982
150648
496366
18996
113130
281911
50867
704341
281678
234311
150458
253871
179795
160598
413035
431546
46576
428681
27963
495581
63113
749987
150900
146649
531153
35838
524392
345379
224200
378421
320661
758901
206378
522923
64994
206077
691301
159962
320385
247069
212714
123417
626804
420652
344418
150669
249647
126232
214774
802347
77716
393486
263429
119379
65203
260242
37089
338634
92453
269191
421869
308188
254019
241777
197128
431788
84147
439659
479965
712504
65504
691301
116117
58829
729139
514873
250629
226244
315367
748674
28742
225281
382713
594528
481419
683299
152117
68018
392179
113295
47239
224891
151439
37609
456599
646294
48358
354271
531779
344963
94002
24517
220977
140352
155381
46588
440865
448350
858010
88581
18658
336217
618797
77255
753584
122781
642137
416056
571769
272056
280866
278841
175566
310094
160744
695310
264453
65401
355547
573281
127396
94178
179711
842557
169372
666932
88920
282857
49393
140352
241998
832736
450061
533678
133445
121970
25579
283111
588948
515297
9985
142608
779527
642463
458199
666050
479965
393088
261703
240842
139086
66301
131391
185418
175023
307997
28702
121282
814566
247411
180959
454266
139545
724715
243469
243626
657200
275719
479127
122685
355017
632472
355041
167402
364248
647857
229523
260289
104184
266575
365070
364744
356890
524618
438465
17476
355041
230778
75455
392179
420881
626781
45211
73316
175381
250629
56579
393526
249986
280627
178435
627975
347686
427974
131253
373675
140671
543829
90370
60209
168650
218561
541835
187824
578392
141506
290011
111995
36249
123344
178950
245709
270233
30326
570452
141091
160448
337264
534838
495581
373744
401205
710120
58716
141391
553967
143659
486616
375723
391406
204278
98597
85076
19075
46207
335524
666353
18368
75149
616457
38263
533298
315933
402254
378421
364418
112654
21106
125838
159620
76302
205877
427974
327321
176266
9583
466866
535094
82404
204278
313888
75149
233793
110415
151439
280213
123314
618797
123827
222064
243211
419505
123641
307281
496582
379511
646108
455440
291734
150754
114504
504682
851555
607929
737767
450235
802347
148733
43570
397815
97179
447074
206139
86687
47493
142318
150669
18054
365714
439211
38075
66868
438016
317219
170022
81218
159285
305933
204835
820446
83453
78623
140678
66502
167382
283111
148124
85591
532441
174456
358699
272027
314145
28502
358174
301305
126840
113371
673175
802347
139843
67811
569854
608147
168650
79634
102989
441545
240574
124285
485413
455440
598281
75149
690918
645456
384497
430745
262528
47062
402230
83636
280866
344581
152381
54385
55518
9577
382028
428209
764384
582880
264290
412583
195035
495384
166568
353846
37800
585430
308370
261491
94137
262002
248963
44520
344418
308088
467446
665587
336014
307618
130112
691301
469973
48645
505379
779163
15274
103003
62418
268116
544666
323360
45391
671211
146630
746120
513646
673609
290011
487442
81256
253106
46396
46984
334689
495690
66301
481812
467411
542060
18463
786199
160879
843853
432221
437849
403330
121711
178709
152011
140570
591356
18277
699843
222632
675536
102915
234589
478348
26595
701982
509657
140352
390283
376198
109831
63028
504223
301716
504557
121808
373789
495942
450583
522172
411562
243483
558933
833919
596624
64142
646228
35662
344681
316099
206431
243002
468907
307281
299550
18193
178742
107287
223647
9958
150800
618673
106856
662241
271194
131442
40367
84146
74061
45909
315597
364498
559038
365946
94635
477432
701982
55245
28378
151779
549241
125140
663619
83932
236858
56441
485942
325923
143659
380277
113075
198965
19506
98634
495726
18668
497554
160879
140910
298934
320928
301028
261703
457186
436899
159620
168650
151386
409411
445824
467688
243131
164555
188179
318904
28711
185768
270614
250485
262689
56796
566838
84147
39069
223630
66463
608459
372025
75205
403330
665735
628519
29156
236094
112195
232056
438474
64994
363885
127623
641070
522591
272027
842557
121015
758334
56021
749667
609241
62112
560400
320661
392192
402214
321363
206431
438474
185426
274965
457562
887184
438474
295353
178266
335524
65572
169925
419440
282857
105802
297731
168324
408651
197071
62418
260080
17368
18795
231526
411905
337809
570385
336970
244797
264362
263682
664526
62087
456786
174547
296995
320385
651115
412886
122825
26595
113130
570977
467580
485701
175981
306368
17476
417762
262116
656887
457890
233793
65203
57075
316405
467411
456743
112058
96094
147003
411796
206647
55644
532710
34384
334427
451423
290681
260758
627233
47229
402144
267323
94936
228367
205132
141391
57034
355788
27326
9541
363896
307579
683937
393522
241777
383701
403244
178709
159634
56383
575836
123314
106014
620261
197128
173810
126840
429110
334965
40756
64577
476124
635020
825312
83745
344064
161737
55490
83745
55469
65421
137013
655601
222632
802347
226572
374985
75455
15850
375942
654939
439866
733438
560986
56796
730634
504967
46924
44074
110779
277902
326805
253758
139665
627075
311957
453642
76089
309961
119564
93897
410420
531779
177331
637665
300174
335182
458502
196602
400847
665587
27649
88581
242278
568891
222379
65267
896182
347892
290624
534817
465036
334644
375126
94990
430763
426021
161294
549241
711041
701766
244027
383419
516561
551456
150822
502918
646228
55890
197143
28385
430247
94417
738708
505705
184787
532793
374097
458199
325358
702888
206378
412847
124285
29063
203209
564017
449553
61914
27542
364525
8436
475477
287565
260402
181231
36542
534589
394776
467411
270905
298802
198261
485469
618673
410326
46653
589028
109589
274965
93301
793111
29225
394897
93215
353967
419683
121322
141814
354436
120536
456599
46924
618724
475725
130688
458383
737767
559038
420947
124364
580237
190442
219533
675599
96437
484634
202741
638008
400328
83888
180429
569847
227695
513759
167189
33919
74376
411562
348768
166445
748520
219278
92887
491633
383220
262236
91039
67983
497554
549385
543743
203791
105350
168737
420462
532667
240332
202916
372714
149680
245958
185418
55245
269492
374294
573303
203873
338831
161185
28267
123641
353657
122474
158821
47109
236094
295353
38263
297442
100037
326288
705360
589028
298391
222894
173810
318009
693767
391114
311957
761250
132649
164555
505129
73716
270741
190273
27148
18941
362871
157432
52333
393585
261517
344418
504968
542357
382713
277823
268116
260402
437330
204248
355022
783528
328432
534734
205921
336781
19680
525426
219097
37651
16776
9651
597464
68361
160974
365348
601247
409411
183767
189508
109589
514873
645133
168074
225281
330063
532394
419158
37089
344963
152113
167402
283111
311299
135400
369721
542711
413516
18054
108455
515704
617985
345216
739839
681302
174547
28650
178383
254285
28910
421033
325953
58350
560673
17243
268490
588948
720676
628747
28373
344406
166445
213093
560158
437642
168390
671211
373806
187347
346941
292702
606542
37089
297928
570144
262595
122731
112058
263429
147627
475982
15817
113295
336754
411639
561188
532300
37531
132569
219459
159602
45177
416056
289719
179711
140910
336647
618963
244980
291412
365714
280986
263515
495066
823002
353869
170854
532710
131477
314145
84138
56037
92967
325358
476066
458291
160448
366433
37800
317368
325587
524555
328022
94959
638060
90564
495403
37774
184575
151441
55862
131046
531965
208710
94745
330383
330063
57075
348309
141291
187082
129446
824363
206589
791488
711041
160277
38814
100687
832309
723172
102855
159597
390649
272056
399247
514831
654939
134738
749989
301782
487105
301455
38395
289966
37277
636540
617549
757249
198817
560164
71906
383907
74237
335258
486024
160598
215445
585430
315458
8925
187741
27104
344963
650899
485264
75455
287166
505133
266604
573303
196290
522009
299398
37623
413717
302052
299550
102961
399222
375592
373562
445824
27261
785951
627371
169967
174625
102283
476124
174877
115192
160448
36411
207402
549385
666932
254327
209549
787285
88581
47109
441196
486800
209549
26595
337904
74809
98597
209489
419592
282487
28192
467082
212844
161332
617627
628961
203479
46588
291347
448006
157432
232241
421841
387946
531965
534838
495726
18510
353869
38484
523555
174877
373562
385237
198965
305629
197143
18795
325065
54899
90816
271712
94116
251760
85188
119564
253300
47666
345025
444086
524451
307064
240746
47666
234884
92528
78056
416479
37089
428827
311299
419700
28325
299504
56037
200864
237653
56796
131253
9038
61914
129554
168437
138239
647024
50308
145715
437584
620765
180938
299583
169588
699120
279122
408772
811930
174593
9099
437892
656183
598993
171016
355571
56451
532710
270614
381420
373951
263963
219367
411187
477133
458502
125838
393158
421322
9554
171016
269191
86532
262689
571785
215345
264744
175981
293996
310121
310875
132649
109589
213442
462600
355019
194416
142267
144162
159725
384022
194024
241170
636530
382772
149004
112265
348768
439211
383721
335911
223711
404055
103094
91474
477133
18886
171538
142608
610694
131937
628302
600477
620765
141956
179888
607912
497086
362756
306728
800795
8599
103117
542881
36411
213731
225429
45634
297106
365127
9286
29430
9112
390564
712390
273070
430891
160598
200380
541843
56480
281145
189819
295780
46585
121946
248236
623318
215627
477133
355571
190479
190273
683112
186133
664410
278218
274965
137410
31025
102915
80572
504452
122746
116117
47109
375542
401080
131442
240698
334797
832884
137480
76089
65054
194200
674525
589275
217308
514809
513041
290024
627378
729273
241744
316961
161680
578983
299583
284133
491633
44520
437497
726609
513790
84511
112654
307997
773496
675599
524555
36535
28456
170772
307064
130174
299496
113269
94116
374312
421521
694799
448350
73316
834237
174547
111361
438254
161332
663619
149395
110967
121148
27963
385418
344328
222632
287503
551456
137410
181015
236128
585430
540701
603602
61914
188253
825537
188583
9929
623318
233851
682629
329853
19442
590280
65264
280616
361141
381636
102459
130636
152113
338336
495645
251088
638028
520751
206589
170871
253751
748520
438502
344969
65572
281145
495233
485413
467411
410014
616944
302314
485483
364430
321489
210285
437497
147272
505133
609947
476066
699843
151995
224744
288298
459250
165155
81918
207185
161904
845315
132016
243282
757598
64748
505093
115058
36542
752379
168221
22766
538352
345683
95179
283519
311957
383638
158359
113399
356413
468310
228367
779527
335273
355788
365012
244027
460113
637033
402214
135716
362756
573281
66188
409264
141255
448682
282301
485554
299014
325811
121282
579748
372714
349301
224919
288298
448006
655187
200864
214247
121669
160382
243987
83932
61914
38938
335182
74092
805877
645232
9773
291734
522709
385983
325273
218561
133459
161900
142434
354713
308362
177983
321163
542357
226234
198965
385569
25103
541238
432923
171538
457789
282025
138922
252912
206666
382028
30539
685566
55176
824363
535094
93569
513161
102368
755870
180229
740111
226244
160130
262236
638301
45519
135018
363753
48092
786200
232241
718475
344969
268873
18277
367172
23877
18634
176277
320928
227682
582294
345227
137410
432460
272498
131010
392179
486978
37651
428483
809720
364261
112330
223964
402144
74607
150178
224928
522401
512739
437157
365946
103827
193931
444468
599019
550008
438254
327153
354505
234241
132532
156747
539769
595488
66868
666050
702605
841234
175903
209549
121485
515704
28095
236902
711041
57034
734292
119379
129614
448403
96991
496293
94417
320928
839265
168241
533772
486537
410582
9554
193668
232806
236192
533298
335471
618588
277823
297523
193749
243939
26617
346444
27649
151056
187741
87699
140427
198495
95213
341193
254575
55129
114247
373836
646294
138212
449918
65203
673175
208898
441746
495645
457696
282014
597464
617384
758103
647570
455816
531170
244333
657320
701263
254105
344581
86809
9583
533096
758901
122083
112797
38861
422311
320928
786200
156747
209549
48092
411449
373039
143659
777002
35739
246894
222632
740111
408651
289744
310121
485483
225538
662241
392457
206576
213437
212844
450061
274965
38923
278448
225227
390572
598102
612450
541835
86231
618136
84425
411796
636012
177229
96094
240829
570690
354460
501398
495796
91251
36411
628458
126301
54481
719998
757249
47544
261056
22766
215633
579407
84100
27749
91108
195699
81569
200167
66502
26595
18540
531316
188939
348768
592573
91039
311957
532667
217700
19535
196897
18027
28107
160639
198965
233381
223964
578983
180938
81126
178709
198211
338863
522995
19877
441627
44666
512351
226572
579539
281678
130112
160826
476719
248963
9308
213826
682533
54481
58350
78009
125406
25274
29326
730930
171499
647382
596442
141982
37089
28870
19440
122617
355019
67360
287622
313888
93499
216
657355
561476
525582
385316
309072
234779
18822
306885
125140
318009
106101
629189
359219
189819
410712
38229
618500
448862
558279
317368
66676
113303
240332
311009
113399
250606
283449
786524
467793
28192
690918
392959
815960
68468
209174
657735
234807
409400
102171
103940
57245
348074
103483
456316
494905
9112
562145
455816
559872
447937
80572
542060
403375
766752
685400
146630
549217
307143
851662
227266
88581
117842
241290
486644
345353
213191
646002
542060
225281
612450
402061
682533
458199
152381
111665
19778
289885
19355
692923
400328
17743
37048
205877
194024
339836
383030
84511
400270
184033
62782
468092
9472
392457
188544
57075
263963
45285
26617
260402
533897
187611
730360
188939
74976
551717
94417
315845
217367
467690
637040
260970
485716
364744
674525
110482
28218
583604
495443
365678
440757
222925
158605
496293
344601
234241
514664
577301
515704
326234
385343
102315
231430
25103
18463
167382
409600
759531
609034
32178
216
419592
160718
103243
532710
140209
280813
133054
410326
66558
169480
401266
44074
103963
29428
19202
199034
711145
458199
237653
431035
468092
835153
179072
262272
398452
421322
75643
147155
179143
316405
344503
329410
19535
372230
18510
73629
135716
364473
524068
149474
704382
149353
245740
327537
171186
513856
231394
9121
420565
544298
74376
618797
94307
346645
613543
299274
193881
62782
28943
177169
467176
9525
761706
316276
251819
58274
542060
466093
777002
198211
701766
74854
495575
382028
311553
664813
90816
402980
277664
58022
449288
550008
252598
382716
598965
169240
55245
403157
243485
372334
115141
94146
66502
438016
149587
342948
448615
18027
93890
271052
513597
64142
56092
