100
9361 9361 9361 9361 9471 9471 9471 9471 9471 9471 9471 9471
8530 8530 8530 8530 8530 8530 8530 8530 8530 9882 9882 9882
6901 6901 6901 7484 7484 7484 7484 7484 7486 7486 7486 7486
725 9550 9550 9550 9550 9550 9550 9550 9550 9550 9550 9550
7383 7383 7700 7700 9577 9577 9577 9577 9577 9577 9577 9577
520 8136 8136 9939 9939 9939 9939 9939 9939 9939 9939 9939
2452 2452 2452 7234 7234 7234 7234 7234 7234 7300 7300 7300
2351 8550 8550 8550 8550 8550 8550 8550 8550 8550 8550 8550
5374 7122 7122 7122 8926 8926 8926 8926 8926 8926 8926 8926
6632 9549 9549 9549 9549 9549 9549 9549 9549 9549 9864 9864
1028 2724 8018 8018 8018 8018 8018 8868 9583 9583 9583 9583
8026 8026 9154 9154 9154 9154 9154 9154 9154 9154 9154 9154
5728 5728 5728 5728 9965 9965 9965 9965 9965 9965 9965 9965
5623 5623 7507 7507 7507 8514 8575 8575 8575 8575 8575 8575
9642 9642 9642 9642 9642 9642 9642 9642 9642 9642 9642 9785
9021 9021 9021 9021 9021 9021 9021 9750 9750 9750 9750 9750
1306 9690 9690 9690 9690 9690 9690 9690 9690 9690 9690 9690
3416 4356 9789 9789 9789 9789 9789 9789 9990 9990 9990 9990
1149 6938 6938 6938 6938 6938 6938 7485 7485 7485 7485 7646
4816 8298 8298 8315 8315 8315 8315 8315 8315 8315 8315 8315
7815 9620 9620 9620 9620 9620 9620 9620 9878 9878 9878 9878
9757 9757 9757 9757 9757 9757 9757 9757 9999 9999 9999 9999
3053 3946 3946 5041 5041 9111 9111 9111 9339 9339 9339 9339
9331 9369 9369 9722 9722 9722 9722 9722 9722 9722 9722 9722
5352 5352 9474 9474 9474 9474 9474 9474 9474 9849 9849 9849
1923 9929 9929 9929 9929 9929 9929 9929 9929 9929 9929 9929
5696 5696 5696 7286 7713 9991 9991 9991 9991 9991 9991 9991
5625 9154 9154 9154 9154 9154 9154 9154 9154 9154 9154 9154
9339 9339 9339 9339 9339 9339 9918 9918 9918 9918 9918 9918
9502 9502 9502 9502 9502 9502 9502 9502 9502 9798 9798 9798
5658 5658 8055 8055 8055 8055 8055 8055 8055 8055 8055 9525
6891 6891 8410 8410 8410 8410 8410 8410 8410 8410 8410 8410
8742 8742 8742 8742 8742 9958 9958 9958 9958 9958 9958 9958
3750 3750 8360 8360 8360 9452 9452 9548 9548 9548 9548 9548
3088 9144 9144 9144 9144 9144 9144 9144 9144 9144 9144 9144
5872 5872 7800 7800 7800 7800 7800 7800 7800 7800 7800 7800
8929 9577 9757 9757 9757 9757 9757 9757 9757 9757 9757 9757
2042 6312 6312 6312 7110 7110 7110 7110 9038 9038 9038 9038
9472 9472 9472 9472 9472 9472 9472 9472 9472 9472 9472 9472
4346 4346 4346 4346 7548 7548 7548 7548 7548 8599 8599 8599
1712 8799 8799 8799 8799 8799 9433 9433 9433 9433 9433 9433
972 972 9974 9974 9974 9974 9974 9974 9974 9974 9974 9974
441 6129 8457 8457 8457 8457 8457 8457 8457 8457 8457 8457
9982 9982 9982 9982 9982 9982 9982 9982 9982 9982 9982 9982
2727 7694 7694 7694 8104 8517 8517 9220 9220 9220 9220 9220
5199 5199 5199 7498 7498 7498 8648 8648 8648 8648 9992 9992
588 2090 2090 2090 5998 7131 7131 7824 9275 9275 9275 9275
6001 7471 7471 7471 7471 7471 7471 8902 8902 8902 8902 8902
6261 6261 8447 9801 9801 9801 9801 9801 9801 9801 9931 9931
8816 8816 8816 8816 8816 8816 8816 8816 8816 8816 8816 8816
6296 6296 6296 6296 6296 9651 9651 9651 9651 9651 9651 9651
5598 5598 5598 5598 8216 9640 9640 9640 9640 9640 9640 9640
6849 7038 7038 7038 7571 7571 7571 7571 8704 8704 8704 8704
9023 9023 9350 9350 9350 9350 9350 9350 9350 9350 9350 9350
7272 7516 9308 9308 9308 9308 9308 9308 9308 9308 9308 9308
8184 9379 9379 9379 9379 9379 9379 9798 9798 9798 9798 9798
7601 7601 7601 7601 7601 7601 9882 9882 9882 9882 9882 9882
530 956 2694 6882 6882 6882 6882 6882 6882 7650 7650 7650
8259 8259 8259 8259 8259 8259 8259 8259 8259 8259 8259 8259
282 2532 4191 4191 4191 4191 4191 8441 8441 8441 8441 8441
9045 9045 9045 9787 9787 9787 9787 9787 9787 9787 9787 9787
7716 7716 7716 7716 9517 9517 9517 9517 9517 9517 9517 9595
7039 7039 7039 7039 7915 7915 7915 7915 7915 7915 7915 9412
1269 8051 8051 9007 9007 9007 9007 9007 9007 9007 9007 9007
6631 9174 9174 9174 9174 9174 9174 9174 9174 9174 9174 9174
3250 9351 9351 9351 9351 9351 9351 9351 9351 9351 9901 9901
3727 9310 9310 9310 9310 9541 9541 9541 9541 9541 9541 9541
8322 8322 8322 9884 9884 9884 9884 9884 9884 9884 9884 9884
4547 5581 5581 8765 8765 8765 8765 9286 9286 9286 9286 9286
1939 6608 6608 6608 9773 9773 9773 9773 9773 9773 9773 9773
1281 5613 5613 5613 5613 7237 8512 8512 8512 8512 8512 8690
6726 9007 9007 9007 9860 9860 9860 9860 9860 9860 9860 9860
5845 5845 5845 5845 5845 9154 9154 9154 9154 9154 9154 9154
6634 6634 6634 6634 6634 9099 9099 9099 9099 9099 9099 9099
2609 5136 5136 5136 5136 5136 9578 9578 9578 9578 9578 9578
990 9418 9418 9418 9418 9418 9418 9418 9418 9418 9418 9418
1164 9245 9245 9245 9245 9245 9404 9404 9404 9404 9404 9404
7049 7049 7657 9829 9829 9829 9829 9829 9829 9829 9829 9829
18 6115 6115 9540 9540 9540 9540 9540 9540 9540 9540 9540
1730 5573 5573 5573 5573 5573 7147 7147 7147 8936 8936 8936
8229 9064 9064 9064 9064 9401 9401 9698 9698 9698 9698 9698
5594 7781 7781 7781 7781 9744 9744 9744 9744 9744 9744 9744
8336 8336 8543 9669 9669 9669 9669 9669 9669 9669 9669 9669
2736 2736 6153 6153 7859 7859 7859 9958 9958 9958 9958 9958
2698 4519 6646 6646 9693 9693 9801 9801 9801 9801 9801 9801
3673 5892 9411 9554 9554 9554 9554 9554 9554 9554 9554 9554
3998 3998 8016 8016 8016 8016 8016 8016 8016 8016 9387 9387
5707 5707 5707 5707 8493 9905 9905 9905 9905 9905 9905 9905
4949 4949 8122 8122 8122 8122 8122 8122 8122 8122 8122 8122
5778 8635 8635 8635 8635 9121 9121 9121 9121 9121 9121 9121
1252 4896 4896 6783 6783 6783 8433 9972 9985 9985 9985 9985
6359 6359 9112 9112 9112 9112 9112 9112 9112 9112 9112 9112
4393 8946 8946 8946 8946 9556 9556 9556 9556 9556 9556 9556
8108 8108 8108 8108 8108 8108 8108 8108 8436 8436 8436 8436
871 2171 9402 9402 9402 9402 9402 9402 9402 9961 9961 9961
6213 8925 8925 8925 8925 8925 8925 8925 8925 8925 8925 8925
4653 6789 6789 7383 7383 7383 7383 8775 8775 8775 8775 9616
7160 7160 7160 7160 7160 7160 7160 7160 7160 7160 7160 7160
3058 9821 9821 9821 9821 9821 9821 9821 9821 9821 9821 9821
1838 1838 8885 8885 8885 9334 9334 9334 9334 9334 9334 9875
3000
15 39
30 92
31 58
17 62
42 85
38 97
26 56
7 56
17 56
19 33
47 97
19 73
93 100
37 86
73 82
66 82
52 71
27 63
52 91
13 34
7 21
51 70
13 88
19 67
29 93
29 36
8 15
8 89
52 54
65 84
5 90
93 99
13 17
40 55
7 29
41 55
37 57
70 79
3 56
28 78
21 86
27 93
5 10
19 79
35 78
42 97
33 68
45 77
7 84
87 98
18 70
74 98
27 51
33 63
55 74
51 87
46 57
42 54
30 72
41 69
6 51
3 97
63 89
22 60
5 58
31 97
5 61
22 76
10 31
83 90
84 91
14 70
83 95
21 99
28 69
48 78
79 100
21 92
7 67
31 60
19 91
60 86
10 83
99 100
32 83
13 64
8 23
84 100
22 87
18 79
10 31
6 60
13 15
10 90
8 99
13 62
10 57
77 77
27 75
96 98
14 99
15 26
74 82
85 91
22 48
36 68
25 41
65 70
27 56
26 69
58 60
70 75
39 95
58 85
1 99
1 45
34 68
14 33
53 79
39 53
10 56
21 39
45 99
15 19
9 49
35 82
24 31
6 44
33 99
51 56
9 67
91 94
34 93
87 94
44 91
32 51
2 83
38 96
30 39
3 31
23 27
2 25
16 34
34 61
15 45
11 75
71 85
52 91
42 88
14 51
53 55
54 98
76 91
7 99
46 94
1 43
65 77
14 56
70 74
7 66
56 78
16 64
21 74
10 50
15 34
18 90
86 92
35 45
39 78
32 69
13 86
55 56
43 97
28 49
9 79
16 56
16 60
42 63
19 43
6 74
3 68
62 89
34 82
56 95
20 34
17 51
8 39
47 74
59 74
70 92
48 61
2 73
20 38
65 86
23 35
27 78
65 80
10 17
12 26
43 61
42 97
44 57
16 47
21 91
13 92
69 88
5 67
85 94
34 73
12 47
77 78
40 93
47 73
18 99
11 59
38 83
34 93
56 59
9 12
46 66
57 63
46 52
21 83
48 80
30 90
6 28
5 49
13 73
7 91
27 76
44 63
53 92
2 59
2 54
10 97
36 49
4 95
30 97
55 90
24 56
67 76
5 96
66 90
25 44
53 93
52 83
61 70
24 67
10 12
6 14
29 93
1 75
8 97
53 98
41 74
36 94
88 90
59 79
66 86
43 74
9 100
69 97
22 41
62 83
58 58
50 55
57 79
31 60
36 88
20 71
18 18
4 94
46 90
6 32
2 20
12 80
52 82
14 58
23 77
6 78
63 96
5 13
8 70
22 86
32 87
43 50
10 95
70 98
16 54
27 97
62 89
49 77
65 78
46 60
56 66
76 76
43 64
43 80
44 71
45 70
9 81
18 28
17 38
10 40
10 42
18 56
59 100
49 65
67 72
9 54
31 63
21 97
8 70
21 82
31 54
87 90
52 95
33 51
20 58
40 58
53 99
7 76
51 86
6 49
9 85
12 92
4 52
56 71
11 24
3 51
50 87
22 66
19 57
41 89
57 77
15 62
4 83
52 88
48 61
59 68
59 95
6 32
12 68
57 99
18 79
26 61
23 58
39 40
35 63
64 81
22 40
8 35
42 54
10 40
15 54
15 57
89 98
31 45
29 69
9 72
59 71
14 88
26 41
66 83
17 38
36 72
9 97
25 91
46 96
39 67
27 54
6 39
55 74
67 83
27 74
51 93
3 84
2 79
24 98
35 43
65 85
5 12
1 66
51 53
4 5
8 11
13 43
36 70
61 69
69 73
9 35
51 54
16 78
69 69
17 23
76 89
22 82
21 73
17 100
50 78
14 93
42 64
12 40
74 78
49 81
30 47
42 95
73 79
9 32
16 74
67 77
47 66
65 89
2 63
84 95
64 90
31 86
31 78
55 77
29 45
50 78
25 66
67 91
50 59
8 83
61 70
73 79
60 89
75 85
33 35
14 67
38 96
49 55
62 100
58 62
90 98
4 55
32 35
23 100
32 87
16 55
53 77
67 81
57 90
44 87
46 57
7 40
15 52
11 38
30 80
26 62
22 45
2 21
35 78
2 25
41 59
43 83
36 49
2 14
35 42
60 89
38 42
35 54
5 52
46 60
8 79
80 86
21 40
33 51
2 84
38 98
4 40
72 89
58 77
12 67
44 49
77 97
36 50
47 91
5 15
49 89
58 69
25 64
21 21
93 96
20 61
19 76
42 57
29 46
11 15
5 72
85 97
26 57
35 81
52 74
12 61
24 81
22 53
34 58
24 43
47 74
97 98
14 39
19 74
55 71
38 40
76 96
11 46
26 83
23 62
7 57
66 75
6 94
66 68
20 92
85 92
38 46
4 51
23 61
52 82
36 47
17 38
8 12
6 97
79 82
22 44
82 93
35 100
6 43
11 54
47 89
54 74
73 99
71 89
67 91
34 88
24 94
18 69
48 95
30 42
71 77
36 96
62 90
13 97
82 98
23 79
45 77
90 93
37 74
56 63
3 36
37 50
86 87
52 85
74 95
44 75
85 96
10 75
44 50
22 92
7 25
80 87
27 42
73 95
42 51
47 57
77 99
10 15
16 98
47 75
25 83
71 84
77 100
65 65
3 69
23 24
43 67
55 75
38 94
33 54
14 59
22 47
13 46
47 90
34 51
41 99
70 92
2 28
56 83
76 90
23 90
14 32
42 75
58 99
3 55
35 64
56 90
46 69
68 79
72 88
44 67
71 90
28 33
54 100
7 72
10 86
5 27
17 20
60 72
12 16
37 75
60 96
60 100
23 71
5 18
1 29
3 31
75 82
79 90
52 67
47 92
1 65
9 90
33 78
15 32
21 47
31 85
59 91
53 99
3 81
7 14
40 83
41 98
68 89
70 88
7 10
44 65
51 60
29 37
60 67
59 99
12 18
6 34
3 5
7 90
47 85
57 71
63 79
25 73
10 52
19 94
20 40
53 76
9 98
14 63
84 90
51 60
4 22
65 97
55 69
24 94
30 64
78 85
33 60
36 98
26 34
47 70
30 94
48 69
11 89
17 97
29 64
4 80
28 54
54 74
22 84
12 54
29 52
11 32
26 50
30 60
7 65
59 66
23 23
14 93
26 64
23 69
35 94
15 24
39 68
75 79
46 65
15 100
21 93
7 78
18 28
18 94
34 66
29 51
54 61
79 84
42 89
18 64
47 87
7 48
1 97
29 78
6 16
72 80
29 95
49 63
38 67
3 55
16 41
30 57
11 27
8 90
35 92
2 8
57 59
25 26
26 93
2 9
24 63
65 95
39 70
9 36
8 31
2 18
14 94
49 64
49 98
36 42
71 74
9 11
15 27
51 87
67 92
46 74
8 46
68 89
49 56
25 57
18 28
78 91
17 83
14 80
44 57
67 77
10 48
1 54
62 81
53 88
33 69
90 95
28 72
7 84
1 68
39 73
44 73
16 59
50 56
8 78
2 100
48 51
2 22
17 73
27 40
22 56
14 92
46 82
10 69
41 64
47 79
13 26
59 59
57 77
23 51
36 78
52 70
33 90
21 50
37 83
41 84
14 15
32 65
27 85
23 31
21 22
11 57
42 53
40 92
64 74
58 61
18 78
47 94
18 74
4 57
63 66
83 85
34 95
38 56
78 95
19 80
35 95
66 69
5 96
77 89
1 22
36 85
6 96
18 51
10 14
26 39
25 72
31 44
52 70
78 86
27 98
58 98
43 84
7 32
56 96
17 59
45 93
35 44
23 87
24 79
45 58
73 77
13 88
20 47
35 40
15 18
65 80
55 72
36 63
63 86
47 50
29 68
50 98
9 90
3 100
31 95
33 94
10 35
33 78
14 78
13 25
24 25
83 93
9 54
23 41
42 92
75 100
29 72
31 44
52 65
31 44
68 99
22 82
36 70
1 36
12 47
2 65
58 100
14 90
10 69
46 99
31 53
33 39
21 71
6 43
55 98
34 89
9 59
23 76
52 62
47 62
75 86
30 93
63 65
17 93
49 80
1 20
21 30
34 83
89 90
74 98
3 34
89 92
70 100
42 75
5 55
2 10
29 43
21 55
25 81
7 8
17 98
3 53
45 99
2 42
60 67
44 47
15 18
37 84
51 97
50 94
64 77
21 89
96 96
15 24
36 67
62 88
30 88
17 97
52 54
3 32
14 68
24 40
11 31
68 90
21 84
62 70
8 44
61 85
6 63
25 54
1 36
25 35
66 83
46 62
29 64
29 54
11 26
24 78
75 76
62 73
22 52
1 6
10 87
51 82
12 36
19 34
68 95
70 89
26 43
21 66
23 70
70 74
51 98
62 64
31 86
44 50
1 84
18 33
32 48
35 94
19 22
11 68
14 51
52 76
4 45
53 88
9 92
73 95
2 60
48 54
52 74
22 98
51 68
6 40
6 32
30 53
66 78
3 72
15 61
27 65
27 43
47 74
29 42
42 66
12 100
81 88
15 57
8 35
34 47
71 77
28 56
91 94
8 44
11 20
19 48
23 69
65 98
19 46
27 53
8 28
39 87
8 16
15 63
5 57
11 89
54 61
22 98
6 18
22 27
17 97
31 88
71 98
69 93
45 80
15 97
85 87
56 81
38 81
34 100
47 100
17 92
43 60
82 88
14 56
71 83
30 34
55 80
74 90
69 72
31 82
23 94
40 45
17 55
18 76
17 54
10 19
4 6
60 84
62 76
47 64
42 47
41 90
44 93
3 98
33 42
54 55
26 63
25 93
77 85
5 88
25 37
29 100
14 59
10 72
53 83
42 73
44 74
82 100
49 83
1 18
5 82
56 85
13 19
10 48
23 86
86 99
16 25
11 29
6 99
61 78
5 79
60 69
61 91
59 64
62 76
37 64
6 98
20 69
11 69
73 87
26 38
2 4
54 85
13 77
29 86
91 91
71 86
4 90
27 98
13 63
20 93
5 57
39 83
39 68
36 63
39 54
29 35
11 24
79 99
34 53
40 74
11 13
58 71
3 93
4 30
69 88
7 56
27 41
6 86
71 97
70 96
15 87
6 35
21 73
69 82
46 85
28 98
39 79
19 36
26 66
22 93
18 42
19 47
66 76
6 34
57 97
24 64
50 89
13 70
18 66
8 9
39 79
60 85
28 35
14 56
11 56
12 81
35 39
33 40
80 98
71 98
62 67
54 97
35 63
24 54
62 81
18 87
54 92
30 77
49 63
39 81
53 68
27 87
47 56
60 66
78 96
64 87
3 63
52 72
30 94
29 44
25 56
83 94
34 37
77 90
22 40
64 90
27 56
42 45
16 78
14 28
64 81
20 56
4 63
31 86
27 68
45 89
22 100
21 26
3 18
22 83
59 74
16 69
48 89
28 71
38 61
60 70
73 82
65 66
33 37
40 77
13 86
32 33
50 57
8 75
79 83
9 67
19 53
52 96
4 45
44 84
13 24
42 44
7 20
54 71
27 34
17 38
30 77
42 78
81 99
11 11
27 78
5 64
44 52
38 61
25 59
50 57
53 78
86 97
74 90
25 55
78 91
25 93
20 32
30 54
25 51
54 100
76 89
27 61
24 79
43 85
11 82
47 97
12 43
1 17
73 85
9 64
6 100
13 80
7 88
22 71
12 100
43 59
47 51
7 50
59 69
32 82
3 25
6 15
68 72
74 89
27 43
53 54
22 62
2 50
13 16
38 45
19 67
18 52
71 89
90 98
81 97
32 66
39 62
8 98
40 49
34 42
28 43
11 17
41 60
54 85
38 54
74 83
37 96
47 66
49 88
52 82
7 40
95 97
60 99
51 84
87 100
15 26
19 93
12 100
83 97
81 87
17 80
12 79
78 96
60 68
1 12
22 70
35 62
23 35
19 72
47 97
11 76
50 57
19 95
9 80
50 92
10 56
69 97
11 15
53 97
3 12
42 73
18 55
70 86
31 36
17 22
5 5
56 98
53 100
7 91
5 69
2 30
23 68
27 48
12 66
82 99
31 70
14 17
7 71
39 73
14 41
18 27
49 77
16 42
96 100
27 65
42 76
16 67
4 77
64 100
17 50
27 40
22 98
21 72
24 28
30 86
2 88
43 44
27 37
52 58
35 65
25 85
8 42
16 20
26 100
45 61
17 99
39 96
18 92
25 56
20 73
46 54
12 38
91 95
63 67
22 58
14 68
29 35
45 98
25 76
16 75
70 71
10 96
22 38
4 97
40 88
52 100
48 92
3 16
49 68
66 82
42 57
24 89
4 5
19 96
29 53
11 85
58 69
55 81
22 74
36 38
1 79
3 59
62 76
34 77
3 44
35 47
89 95
34 90
12 44
18 73
12 24
26 67
29 84
37 87
41 99
2 47
15 40
34 96
1 93
30 96
31 37
10 81
95 98
30 68
29 64
56 78
26 52
41 93
27 61
9 40
20 21
14 32
60 71
75 99
33 33
30 46
16 84
59 70
25 98
40 70
26 39
4 8
18 26
52 60
87 91
47 82
15 54
37 99
53 93
82 91
35 88
1 79
33 38
80 82
67 83
39 100
22 34
19 92
85 93
63 88
56 62
40 94
18 53
59 74
1 42
33 45
68 89
33 34
88 98
9 63
92 93
6 61
22 38
19 33
67 99
12 46
65 97
39 68
19 69
47 95
54 71
78 96
77 93
30 75
47 96
34 86
16 41
47 65
62 82
58 93
67 69
40 61
37 67
33 61
11 38
27 32
36 99
8 16
81 84
37 62
62 68
2 69
32 73
36 44
48 92
11 84
24 93
40 43
11 35
10 21
45 70
27 75
48 54
29 69
46 60
7 77
32 90
52 82
6 99
41 54
8 91
41 47
11 93
25 92
92 98
30 92
53 88
12 54
37 82
5 39
56 78
27 75
78 98
29 59
26 76
1 99
27 75
60 92
78 97
40 77
70 76
74 92
14 60
61 91
24 34
29 62
53 71
32 77
73 94
52 58
33 62
2 3
37 38
46 71
51 96
61 97
13 75
41 79
18 44
61 89
21 49
23 96
7 13
44 94
46 65
46 78
6 40
7 79
48 93
68 81
36 38
62 73
27 90
17 68
5 58
40 60
44 77
8 9
13 58
50 79
5 77
18 68
53 78
71 77
66 71
35 70
25 76
32 83
2 14
20 29
83 98
50 95
56 79
48 53
2 61
45 48
28 65
21 70
49 81
72 100
25 94
12 16
13 56
14 42
72 82
43 68
41 64
3 18
67 72
24 63
17 19
67 67
7 46
18 51
16 91
25 68
27 53
16 57
24 68
49 68
53 70
30 35
36 100
78 91
5 16
5 73
8 28
39 58
87 100
8 54
36 73
43 47
87 93
6 58
8 77
4 95
58 67
36 74
67 84
42 48
58 67
50 55
42 49
47 62
23 95
29 53
12 100
68 92
54 95
28 35
7 8
49 90
2 74
1 49
4 85
28 90
27 32
3 84
11 66
61 65
54 58
38 50
32 63
26 62
10 36
8 22
14 83
54 88
43 93
66 73
61 94
44 56
34 44
28 73
18 76
42 62
17 87
62 94
62 98
2 52
56 77
56 100
4 77
48 50
33 42
39 66
33 96
45 69
50 56
1 100
55 93
10 40
26 85
45 96
32 69
22 63
79 89
11 57
13 59
6 23
39 100
16 94
1 78
19 45
39 82
6 63
14 74
56 72
42 98
10 81
85 90
20 40
77 80
15 62
36 46
14 95
23 78
36 56
30 89
25 66
13 63
32 68
13 90
73 95
39 85
23 35
27 29
45 67
6 68
9 57
47 53
63 65
20 60
94 94
8 60
34 66
70 98
59 79
38 41
29 88
41 85
25 76
25 54
17 49
21 41
28 82
16 84
45 90
73 77
14 79
36 48
29 59
19 28
11 98
15 17
42 86
53 63
30 69
36 83
50 63
64 79
45 84
37 50
31 82
61 65
17 85
28 81
42 56
36 87
7 88
37 99
10 55
72 85
15 78
5 25
19 42
10 84
6 16
44 97
32 54
20 90
34 79
42 51
25 44
2 65
4 28
38 95
37 55
47 50
85 92
2 47
50 88
81 98
12 94
59 83
37 47
45 99
9 50
51 80
90 99
22 28
6 61
35 96
28 88
28 50
74 85
62 80
16 62
33 92
60 86
31 53
33 74
80 95
10 35
79 99
33 38
33 63
10 50
6 69
46 68
21 57
65 82
37 39
76 89
34 73
57 70
79 96
72 76
11 35
60 92
79 83
35 68
90 100
27 63
6 84
14 79
68 100
7 30
39 58
65 99
13 89
47 90
54 88
6 90
16 29
47 65
27 83
13 20
38 68
6 26
88 90
86 87
32 72
38 55
54 59
10 52
40 69
27 65
31 87
14 73
38 81
45 75
35 65
70 98
32 81
37 60
25 64
12 98
2 37
21 80
1 23
24 61
56 57
4 62
34 58
29 32
97 98
51 51
28 94
24 30
13 29
41 82
5 71
30 75
45 65
23 43
36 48
31 88
19 90
39 57
56 81
4 39
1 60
35 82
91 94
17 54
69 85
19 36
54 85
11 44
60 74
5 45
29 89
4 49
53 54
88 99
22 78
19 87
46 84
8 89
23 98
46 65
33 35
55 74
8 34
23 25
1 47
34 70
40 46
2 64
89 90
32 62
13 77
3 83
6 75
9 11
63 100
81 98
45 68
31 93
28 76
1 19
26 100
15 55
55 75
1 38
55 87
29 96
91 94
18 50
1 64
41 70
16 28
2 14
8 35
36 52
3 55
5 6
71 83
41 78
10 54
1 63
38 97
20 23
66 80
65 88
19 35
19 23
14 59
16 47
11 29
19 33
58 95
24 92
63 89
65 96
22 62
8 37
10 37
11 65
3 94
28 67
65 83
2 61
32 46
7 40
11 19
8 13
14 23
32 68
30 83
33 84
18 34
59 99
14 17
16 50
63 98
23 81
62 97
81 90
4 74
46 55
18 72
90 93
44 64
65 81
69 74
82 95
32 91
23 45
73 83
10 45
4 39
66 71
48 86
25 39
17 36
44 57
1 92
16 37
7 94
16 94
20 36
3 7
36 47
3 95
9 88
52 63
52 69
31 74
53 83
32 76
10 66
2 74
43 57
3 86
13 45
37 91
52 85
28 31
23 54
11 14
25 95
10 77
14 97
15 35
18 80
46 53
20 62
42 50
46 83
30 84
26 43
50 73
7 71
31 66
96 96
50 70
92 94
17 54
7 78
8 61
28 35
46 77
1 56
5 33
6 69
3 24
36 94
41 74
64 67
41 87
54 87
9 40
41 52
15 58
21 62
29 70
47 96
57 60
11 97
13 82
73 91
7 25
32 43
6 58
24 42
75 87
64 81
92 95
70 92
35 96
5 79
58 86
35 58
2 89
33 42
72 76
37 86
10 63
35 58
36 38
53 90
56 64
60 70
22 44
46 92
65 95
20 22
27 79
47 70
72 89
13 81
4 73
34 56
42 47
51 83
18 67
38 55
38 64
37 84
17 59
32 91
4 63
9 63
38 39
28 67
67 70
33 91
24 42
29 70
51 93
68 89
25 58
20 40
37 38
45 81
19 24
49 58
42 72
62 71
72 99
66 74
44 56
51 79
38 43
47 85
43 92
28 86
33 67
45 71
38 43
15 39
50 60
43 51
43 89
91 94
35 83
11 44
45 91
13 15
15 47
8 13
37 59
43 69
27 32
49 63
38 38
47 53
28 41
79 97
33 48
4 75
60 65
7 22
46 94
20 88
68 87
48 81
61 79
7 84
19 49
31 76
11 100
45 64
74 74
29 77
4 76
13 79
6 24
9 47
51 56
2 61
37 67
36 78
17 57
1 29
21 44
44 89
24 76
2 52
7 20
23 66
48 94
86 86
6 24
19 48
25 33
11 38
26 89
58 82
65 93
40 60
4 35
50 84
2 35
16 29
36 48
28 51
47 98
14 52
79 100
66 81
21 35
78 95
52 94
7 27
30 56
10 80
37 80
8 23
32 44
50 88
2 50
11 52
33 70
26 50
6 50
51 62
88 97
24 76
95 96
67 85
71 86
22 89
14 27
23 92
24 90
20 88
6 21
16 34
9 75
43 98
34 74
35 69
7 95
40 40
34 45
15 74
92 95
40 64
2 26
88 92
34 67
23 63
69 69
16 18
92 92
35 78
15 93
62 91
20 67
26 43
66 87
8 67
74 80
41 72
64 84
26 58
31 35
14 26
5 31
29 98
16 38
24 76
9 47
67 87
6 26
8 83
27 47
1 74
30 61
29 59
46 61
59 62
58 69
47 55
38 94
24 36
6 18
72 76
42 84
16 60
26 39
33 60
30 67
2 94
35 50
66 73
15 21
80 100
22 96
18 83
10 32
12 68
3 60
8 38
10 78
16 96
74 100
40 75
66 83
14 77
48 81
43 74
45 99
96 100
50 98
18 98
40 97
54 63
13 24
40 74
7 92
10 84
23 81
87 90
54 56
13 30
33 67
84 97
8 39
80 91
62 71
20 61
51 97
12 88
44 93
33 40
4 96
46 65
48 60
17 65
72 89
19 92
58 74
29 40
48 61
62 64
3 45
28 66
29 53
28 60
14 74
46 61
59 78
68 93
7 71
34 94
31 98
47 53
63 83
5 96
9 28
26 26
29 98
51 76
3 79
49 85
81 82
26 91
85 91
23 53
20 59
36 79
49 60
51 65
69 85
55 92
26 81
29 56
16 86
1 58
16 37
5 23
21 48
12 94
51 99
61 98
70 76
41 72
17 71
19 72
25 76
36 82
3 71
6 38
12 65
11 50
43 78
66 88
50 98
31 47
1 56
4 71
30 83
19 96
71 87
25 49
36 68
23 73
25 42
91 99
71 93
43 61
7 100
61 74
24 50
13 96
19 25
17 72
43 55
38 41
4 87
80 97
60 62
7 66
11 48
4 14
6 36
54 88
25 67
58 75
70 82
1 39
39 91
43 68
4 90
18 54
24 63
1 40
19 45
21 71
14 84
37 82
7 21
34 74
23 86
67 73
34 80
10 24
1 50
3 33
35 89
66 98
36 72
58 71
2 66
33 74
9 46
73 97
36 68
18 67
24 96
37 59
39 63
11 23
16 32
69 95
85 93
47 53
21 24
62 98
39 47
1 90
26 97
70 70
12 43
34 92
5 47
29 65
64 87
45 59
71 88
15 29
16 54
41 75
8 26
10 44
14 73
9 32
68 89
1 43
47 49
19 79
5 52
67 85
15 65
10 39
40 55
69 96
75 97
56 98
41 44
5 81
15 20
1 92
5 64
35 45
35 92
29 39
16 99
21 39
11 92
69 93
55 72
51 80
22 92
17 21
21 34
28 68
78 83
9 95
38 64
7 86
61 98
36 66
4 5
60 100
57 59
80 81
33 52
12 46
20 44
4 68
5 42
46 61
21 68
21 50
31 45
14 56
39 93
29 32
28 75
7 96
18 57
11 22
53 77
13 56
16 23
57 73
71 95
8 65
42 99
31 80
53 93
8 18
35 56
7 55
27 93
34 95
17 65
15 50
40 80
54 80
18 31
82 98
40 100
33 99
38 45
20 93
16 93
3 96
30 49
35 58
32 45
22 78
74 76
20 45
16 94
67 72
5 86
34 47
40 54
26 75
32 42
16 70
36 46
12 46
8 100
57 75
12 70
24 77
3 48
86 86
45 66
40 66
9 33
9 67
38 75
18 86
45 75
33 66
44 65
54 81
89 91
15 52
48 50
13 28
50 70
22 30
52 67
72 93
61 70
60 97
62 89
58 64
47 59
37 79
23 94
34 49
42 92
71 77
19 93
10 31
21 69
26 81
17 67
53 84
28 94
26 94
11 94
17 88
46 96
41 100
55 82
16 88
3 81
67 94
18 55
77 86
11 11
16 74
9 92
54 67
57 69
27 30
42 89
12 46
9 95
82 98
35 58
78 83
20 65
28 69
59 74
8 93
35 38
20 46
29 53
11 92
32 77
40 72
50 84
12 65
3 27
25 98
38 82
20 41
33 56
47 70
20 69
29 59
25 28
33 64
57 82
36 80
12 77
21 88
3 63
26 34
2 70
36 45
50 95
19 89
3 22
20 29
7 32
8 70
44 83
3 58
25 80
31 40
92 95
15 84
60 73
95 100
21 100
14 97
74 79
26 54
60 62
24 47
3 67
48 56
69 71
44 53
42 64
89 97
65 86
11 17
36 38
13 14
36 95
72 92
50 88
23 88
90 99
54 88
33 92
20 43
15 16
48 69
88 89
50 52
11 27
68 89
17 41
53 77
14 77
68 87
45 53
49 68
63 84
50 87
31 89
21 22
5 53
36 40
41 98
68 92
12 75
51 82
27 40
75 92
9 61
16 42
55 55
75 98
1 76
95 100
40 46
59 67
59 72
3 5
66 68
13 93
43 62
20 91
31 97
78 93
91 94
28 30
16 17
55 68
14 52
80 86
33 65
25 59
51 61
79 79
6 79
12 73
21 78
49 91
23 56
8 32
76 77
28 62
22 34
65 99
77 88
22 91
4 43
64 84
17 62
75 78
15 83
2 51
38 100
16 50
10 16
82 93
60 86
52 86
70 82
45 72
16 46
3 90
10 61
20 22
19 95
26 69
6 96
59 66
64 86
21 93
19 44
19 64
53 64
65 75
76 82
51 89
2 13
50 100
36 91
92 92
9 70
46 96
19 81
29 79
47 55
16 75
40 85
12 96
10 85
45 61
37 98
29 63
1 95
10 33
33 42
87 99
29 55
25 78
40 78
44 67
18 89
16 75
56 81
21 88
14 57
1 76
13 63
70 86
41 53
25 26
48 80
85 86
14 90
34 79
94 95
57 61
17 38
7 27
59 96
27 69
54 63
36 81
7 26
45 51
33 85
39 39
38 82
20 39
66 71
1 29
89 93
89 91
70 98
20 78
48 68
1 82
72 92
70 77
2 63
36 46
46 81
12 34
15 66
13 83
29 57
27 81
24 64
22 96
30 41
90 92
21 85
32 87
54 94
24 72
74 98
80 96
16 70
33 71
54 80
20 76
32 96
22 78
33 69
42 85
50 61
36 62
47 49
70 71
41 60
47 92
10 93
18 85
60 63
79 79
46 92
29 46
69 80
2 61
49 64
20 50
71 85
45 90
72 79
54 72
28 72
54 58
15 25
83 85
44 45
11 31
2 81
13 63
43 69
25 72
33 85
5 97
20 38
23 51
43 87
48 94
1 9
84 99
71 90
35 70
34 72
7 42
15 16
57 98
38 39
14 21
7 21
9 48
20 77
26 41
11 88
50 66
9 34
42 79
59 77
9 65
47 72
90 90
9 54
22 82
85 92
25 93
69 79
10 47
7 74
23 55
47 68
45 51
68 70
41 61
18 69
31 31
5 89
34 69
39 67
83 88
16 75
44 95
8 93
63 84
1 78
41 49
41 96
56 98
4 37
17 90
49 58
51 95
34 65
79 85
25 74
34 95
49 76
28 70
17 83
76 94
33 38
22 66
42 69
30 71
23 34
68 77
11 17
19 67
82 97
22 59
15 64
88 89
84 93
50 80
34 91
31 37
49 54
