58509283
58506055
58503295
58499843
58495991
58492019
58488389
58484735
58480379
58476491
58472615
58468637
58464809
58460849
58456825
58452955
58449151
58444751
58441811
58437488
58433756
58429836
58425461
58421957
58417430
58413019
58409443
58405367
58402691
58398482
58394118
58390313
58385999
58381756
58377222
58374282
58370946
58366676
58363148
58359580
58355075
58351667
58347169
58343281
58338950
58335194
58331001
58327410
58324194
58320490
58316254
58312120
58307691
58303429
58299313
58295593
58291542
58287572
58283990
58279703
58276979
58273751
58270160
58266104
58263116
58259236
58254905
58250762
58246907
58243280
58239350
58235486
58232010
58228878
58225914
58221996
58217722
58214878
58211074
58208206
58204036
58200250
58196314
58192286
58188658
58184453
58180117
58176555
58172551
58168403
58164971
58161023
58157079
58153443
58149441
58145969
58142429
58138605
58134933
58130737
58126805
58123463
58119675
58116351
58112541
58108725
58104458
58100758
58096624
58092581
58088211
58084435
58080183
58076183
58072047
58067787
58063499
58059611
58055455
58051427
58047203
58042765
58038559
58034058
58029540
58026030
58021926
58018482
58014468
58010883
58007347
58003363
57999937
57996201
57992637
57988881
57984990
57981272
57977446
57973380
57968893
57965443
57962061
57957999
57954206
57951134
57947180
57943700
57939936
57935308
57931918
57928486
57924165
57920331
57916815
57912831
57908686
57904990
57900921
57896418
57893034
57889466
57885455
57881729
57878573
57874733
57870630
57866638
57863158
57859088
57855278
57851696
57847673
57843851
57840731
57836543
57833891
57829691
57826016
57822704
57819356
57815588
57811706
57807454
57804172
57799952
57796712
57792394
57788216
57784568
57780015
57776427
57772834
57769102
57765560
57761921
57758303
57753939
57750303
57745711
57742054
57738547
57734385
57729996
57725936
57721636
57717754
57713437
57708886
57705234
57700894
57696616
57692566
57688118
57683806
57679340
57675392
57670850
57666548
57662552
57658334
57654956
57651248
57646892
57642914
57639950
57635825
57631496
57627503
57623350
57619558
57615684
57611369
57608063
57603734
57600164
57596876
57593456
57589812
57586380
57582744
57578530
57574358
57570138
57567090
57563064
57559292
57555692
57551684
57547592
57544628
57540896
57536757
57534105
57530403
57526335
57522704
57518326
57514954
57511930
57507378
57503000
57500024
57496032
57491730
57488838
57484878
57481062
57476918
57473386
57469471
57465134
57461310
57457122
57453378
57449430
57445249
57440810
57437498
57433310
57429830
57425690
57421267
57417149
57413338
57408830
57404732
57400912
57396588
57392344
57387927
57383997
57379727
57376727
57372875
57368888
57365134
57360646
57356965
57352655
57348188
57344405
57340483
57336655
57332791
57328723
57325180
57320904
57317568
57313502
57309314
57304981
57300591
57296847
57292668
57289206
57284962
57280464
57276206
57272084
57267701
57263315
57259208
57255932
57252788
57248556
57244164
57239767
57236182
57231925
57227645
57223981
57219849
57215937
57211466
57207156
57203016
57198570
57194418
57191082
57186855
57183287
57179523
57175959
57172203
57167994
57164154
57160842
57157518
57153273
57149118
57145134
57141708
57138804
57135408
57131976
57128248
57124510
57120426
57116382
57112686
57109020
57104778
57100880
57097580
57093059
57089117
57085017
57082041
57078038
57073709
57069439
57065707
57061161
57057561
57053739
57049941
57046653
57043037
57039157
57034973
57030989
57027232
57022832
57018696
57015024
57010680
57006762
57002751
56998677
56994603
56990703
56986345
56982583
56978136
56974548
56970350
56967182
56962962
56958876
56954311
56951395
56947527
56943819
56939943
56936475
56932303
56929159
56925155
56920935
56917251
56912849
56908715
56904619
56900959
56896763
56892646
56889454
56885699
56881423
56877742
56873396
56870030
56866874
56863130
56859149
56855837
56852255
56848443
56845491
56841267
56837781
56833544
56829536
56825462
56821946
56818616
56814992
56812436
56808112
56804080
56799730
56795382
56790905
56786354
56782670
56779154
56774918
56771156
56768144
56763771
56759051
56756135
56752253
56748917
56744837
56741553
56737501
56733145
56729284
56724756
56720594
56716262
56712522
56708046
56705298
56701974
56697832
56694724
56691162
56686998
56683050
56679022
56675122
56671854
56667621
56663234
56660048
56655732
56651883
56647493
56643569
56640821
56636789
56632439
56628809
56625203
56621885
56617607
56613662
56610446
56606400
56602578
56598374
56594654
56590744
56586953
56582735
56579561
56575787
56572079
56568425
56564579
56560382
56556774
56553258
56549204
56544768
56540652
56536980
56533259
56529093
56524747
56520491
56516975
56512955
56509361
56504795
56500589
56496082
56491908
56488566
56484876
56480682
56476130
56472014
56468384
56464556
56461070
56457134
56452898
56448690
56445666
56442978
56438497
56435131
56431799
56427639
56423319
56419167
56414856
56410462
56406085
56402119
56397962
56394068
56390510
56386874
56383097
56379545
56375094
56371530
56368386
56365542
56361874
56357746
56354287
56350161
56345747
56341655
56337683
56333555
56329269
56325079
56321629
56317658
56314095
56310531
56306386
56302021
56298547
56294443
56290631
56287079
56283059
56278559
56275199
56272499
56268053
56263952
56261024
56257504
56253265
56249289
56245511
56241417
56237363
56233095
56228850
56224808
56220900
56216892
56213508
56209648
56206264
56201928
56199132
56195550
56191974
56187974
56184542
56181134
56176807
56172309
56169183
56166015
56162439
56159139
56155407
56151869
56147686
56144314
56140588
56136324
56132199
56127637
56123362
56118782
56114698
56111085
56106946
56103268
56098946
56094397
56090197
56086993
56083621
56080150
56076274
56072578
56068864
56064235
56060551
56057233
56052960
56049876
56046528
56043372
56040012
56035968
56032728
56028431
56023955
56019566
56015352
56011271
56007377
56003813
55999583
55995046
55991572
55988156
55983985
55980901
55977136
55973508
55969842
55966140
55962081
55958409
55954803
55950968
55946710
55942906
55939738
55936158
55931680
55928596
55923929
55920155
55916157
55911845
55908341
55904795
55900699
55897123
55893015
55889025
55885131
55881615
55877735
55874261
55869975
55865991
55862211
55858443
55854714
55850379
55847162
55842860
55838966
55836223
55832688
55828434
55824757
55820435
55817045
55813601
55809636
55805844
55801756
55797265
55794037
55790083
55786482
55781890
55778644
55774514
55771030
55766797
55762849
55759741
55755675
55752477
55748529
55743905
55740065
55736213
55732502
55728721
55725181
55721034
55716709
55712831
55708851
55704980
55701734
55698302
55694165
55689985
55685703
55681661
55677470
55673462
55669382
55665310
55661191
55657585
55654053
55651209
55647701
55644701
55641377
55637765
55633911
55630326
55626698
55622833
55619009
55615709
55612211
55608523
55604590
55600376
55596808
55593376
55589202
55585188
55581252
55577245
55572955
55569270
55565562
55561189
55557084
55552944
55549284
55545536
55542242
55538015
55533806
55529756
55525814
55522238
55518762
55514455
55510787
55507859
55504355
55500683
55496879
55492940
55489336
55485065
55481458
55477852
55474051
55470355
55466383
55462291
55458235
55453888
55449534
55445206
55440866
55436718
55432716
55428272
55424564
55420218
55416822
55413060
55409024
55405148
55400816
55397480
55393742
55389832
55385468
55382516
55379876
55376456
55373096
55369069
55364590
55360870
55356302
55352582
55348220
55344388
55339993
55335813
55331829
55328220
55324008
55320624
55317060
55312888
55308804
55305408
55301576
55297822
55294522
55290294
55287402
55283598
55279467
55275573
55272009
55268361
55264871
55260545
55256033
55251429
55247331
55243503
55239449
55235549
55232219
55228707
55224931
55222099
55218499
55214595
55210903
55206622
55202184
55199010
55194712
55191640
55187150
55183034
55178858
55174590
55170901
55166473
55162705
55159261
55154933
55151115
55148415
55144371
55140012
55135813
55132429
55128173
55124201
55121021
55117629
55113765
55109766
55105750
55101522
55097736
55093725
55090257
55086225
55082124
55078469
55075331
55071133
55067311
55063075
55060255
55056497
55052983
55049965
55046023
55041705
55037759
55034213
55030284
55026696
55022832
55019735
55015493
55012007
55007808
55003424
54999575
54995478
54992070
54988380
54985014
54980652
54977364
54974256
54970440
54967152
54963568
54960178
54956266
54951868
54948868
54945478
54941746
54938662
54934258
54930130
54925954
54922978
54919417
54915103
54910825
54906438
54903294
54899394
54895572
54892127
54888299
54884363
54880585
54876973
54872767
54868463
54864686
54860897
54856523
54853121
54849151
54844821
54841080
54837628
54833452
54828882
54824413
54820221
54816477
54812196
54808048
54804016
54800128
54796678
54792337
54787965
54784229
54780359
54776011
54772075
54767983
54764599
54760319
54757145
54753755
54750191
54747323
54742930
54739270
54735738
54731430
54727361
54723869
54720337
54716968
54713056
54708797
54704308
54700852
54697316
54693260
54689531
54685299
54681658
54678430
54674830
54670410
54667038
54664158
54660013
54656080
54651838
54648354
54644002
54639838
54635702
54631302
54627564
54623344
54619143
54615255
54611403
54607341
54602947
54598957
54594359
54590354
54587618
54583860
54579723
54575943
54572415
54569091
54564969
54561053
54557675
54554447
54550679
54546361
54542578
54539138
54534725
54530537
54526474
54521923
54518479
54514805
54510569
54506685
54503021
54499349
54495504
54491019
54487463
54483098
54478948
54475660
54471672
54467476
54463904
54459628
54456964
54452508
54449400
54445992
54441674
54438206
54434150
54430114
54426226
54423370
54419316
54415452
54411632
54407804
54403466
54399366
54395414
54391634
54387926
54384470
54381092
54376820
54372506
54368858
54365690
54361846
54357447
54353211
54348901
54344556
54340253
54336306
54332484
54328374
54324328
54320380
54316112
54311774
54307838
54304658
54300121
54296041
54291751
54287653
54284393
54280415
54276374
54272752
54268573
54264409
54260725
54257165
54253757
54249413
54246025
54241888
54237844
54234235
54231115
54227233
54223961
54220448
54216428
54212210
54208526
54205586
54202028
54198020
54194262
54191166
54187494
54183930
54179802
54175762
54172510
54168676
54164450
54160198
54156046
54152746
54148483
54144507
54141429
54136972
54132817
54128761
54124593
54121329
54117293
54114221
54110367
54105899
54102007
54098215
54093552
54089396
54085194
54081786
54077814
54073998
54069866
54066068
54061621
54058065
54053948
54049624
54046348
54043048
54039580
54036043
54031567
54027775
54024739
54021411
54016913
54012643
54008199
54003967
53999472
53995173
53992425
53989149
53984901
53981961
53978661
53975997
53971917
53968101
53964237
53960631
53957091
53952908
53948660
53944932
53940804
53937636
53933628
53929668
53925674
53921606
53917620
53913498
53909362
53905300
53901168
53897194
53893040
53888993
53886173
53882137
53878129
53874163
53870272
53866432
53862572
53859278
53855007
53851335
53847591
53843268
53839641
53837229
53832691
53828143
53824411
53820384
53816338
53812120
53807912
53805116
53800754
53797186
53792636
53789024
53784660
53780180
53776424
53772296
53768152
53764102
53759571
53756415
53752983
53749365
53745747
53741695
53737789
53733733
53729431
53725294
53720716
53717668
53714080
53710147
53706223
53702353
53698173
53694291
53690481
53686383
53683011
53679255
53676051
53671943
53667911
53663449
53659215
53655172
53651740
53647709
53643614
53639464
53635265
53631274
53627656
53624152
53620304
53616744
53613156
53608980
53606232
53602088
53599064
53595318
53590782
53587398
53583948
53579826
53575780
53571741
53567245
53562915
53560251
53555843
53551556
53548095
53543954
53540047
53535724
53531242
53527582
53523364
53520316
53516580
53512941
53508657
53504559
53500086
53496528
53492826
53489361
53485575
53481677
53477999
53475347
53471843
53467366
53463192
53459444
53455286
53451878
53447566
53444758
53441494
53437738
53433746
53430470
53426077
53421400
53417503
53413435
53409874
53406032
53402180
53397800
53394275
53390863
53386414
53383060
53379388
53375814
53371306
53368180
53364436
53360518
53356738
53353132
53349192
53345434
53341246
53337679
53334435
53330226
53326042
53322642
53318124
53314192
53310232
53306128
53301978
53297852
53293832
53289912
53286104
53282684
53279240
53274902
53270678
53267894
53264090
53260310
53256454
53252926
53250082
53245830
53241830
53237324
53233271
53228903
53224401
53220957
53216515
53213311
53209383
53204970
53201604
53197808
53193518
53189780
53186267
53181826
53178410
53174918
53170529
53167301
53163043
53158872
53155239
53151531
53147425
53143198
53139546
53135511
53131594
53127036
53123355
53120547
53116663
53112366
53108160
53104740
53101046
53096933
53092394
53089142
53084895
53080695
53077023
53072619
53068935
53066055
53062226
53058554
53054472
53050400
53046358
53042860
53039308
53035276
53031230
53027906
53024462
53020844
53017252
53014396
53010418
53006694
53002756
52998432
52994957
52990444
52986855
52982867
52978591
52975603
52971324
52967001
52963695
52959491
52955240
52950921
52946494
52942169
52939217
52935215
52930925
52927109
52922873
52919399
52915517
52911032
52907356
52903648
52900436
52896524
52893116
52889096
52885676
52881818
52877302
52873456
52869190
52866094
52862890
52858816
52854448
52850392
52845984
52841848
52837462
52833104
52828659
52824661
52820191
52816255
52812640
52808706
52804946
52800872
52796562
52792247
52788131
52784795
52780374
52776017
52772369
52768533
52764270
52761150
52757002
52753054
52749202
52745134
52741456
52737204
52733940
52730368
52726096
52722424
52718499
52714166
52709667
52705282
52701685
52698355
52695133
52690744
52686434
52682816
52679806
52675802
52671365
52667879
52663683
52659647
52655891
52652087
52648023
52645011
52641063
52637073
52633857
52629289
52626325
52622592
52619328
52615848
52612572
52609092
52604890
52600520
52597760
52593985
52589722
52585368
52581836
52578356
52574468
52570134
52565775
52561863
52557867
52554555
52550611
52546675
52542699
52539915
52536507
52532158
52527955
52523953
52519648
52515338
52512008
52508046
52503618
52499250
52495101
52491777
52488163
52483771
52480345
52476285
52472001
52467997
52463539
52459201
52455321
52450981
52447137
52443175
52438753
52435669
52432045
52428601
52426141
52422085
52418110
52415014
52411646
52408520
52404676
52400452
52396100
52392116
52389128
52384848
52381218
52377179
52372777
52369309
52364846
52360859
52357217
52352721
52348519
52344279
52340583
52336497
52332897
52328728
52325626
52321258
52317538
52313141
52309184
52305722
52302518
52298184
52293655
52289238
52285842
52282350
52278011
52274480
52271492
52268072
52264742
52260844
52256192
52252075
52248083
52243636
52240252
52236940
52232490
52228956
52224915
52221451
52217197
52213417
52210189
52206163
52203127
52199404
52195699
52192285
52188801
52185165
52181238
52177584
52173678
52170298
52165815
52162899
52158637
52155829
52151929
52148826
52145502
52141516
52137390
52133256
52129105
52124659
52120723
52116610
52113190
52109154
52105290
52101630
52097716
52094572
52090648
52086899
52083525
52079436
52075143
52071248
52066970
52062830
52059262
52055794
52051708
52048192
52044766
52040632
52036560
52032408
52028133
52024185
52021485
52017549
52014285
52010433
52007673
52003787
51999989
51995618
51991135
51986866
51983470
51979516
51975474
51971269
51966713
51962332
51958600
51954958
51950634
51946368
51942258
51938388
51934051
51929812
51926770
51922933
51918915
51914403
51910751
51907371
51903075
51899667
51895739
51892487
51888864
51884768
51880372
51876932
51872337
51868190
51863753
51859555
51855835
51852361
51848437
51844185
51840465
51836553
51832827
51828849
51825481
51821675
51817610
51813632
51809238
51804982
51800974
51797902
51793618
51789994
51785872
51782470
51778113
51773832
51769890
51765768
51761792
51757494
51753241
51749905
51746400
51742308
51738180
51734061
51729715
51725524
51722320
51718234
51714130
51710626
51706190
51702098
51699086
51695142
51691413
51687399
51683006
51679226
51676034
51671867
51667514
51663530
51659912
51655567
51651763
51647425
51644017
51639895
51635428
51631153
51627361
51623528
51619037
51615113
51611597
51608453
51604553
51601102
51596985
51592574
51588722
51585122
51581210
51577244
51573088
51568856
51564790
51561193
51557311
51553871
51550859
51546683
51543338
51538884
51535024
51531436
51527368
51523132
51519088
51514761
51510711
51506955
51503127
51499275
51495006
51490739
51486514
51482386
51478290
51474138
51470718
51466281
51462129
51458487
51455092
51451051
51447361
51443179
51439931
51436337
51432005
51427724
51423472
51419867
51415578
51412272
51409134
51404824
51401548
51397984
51393833
51390389
51386399
51382707
51378742
51374305
51370195
51365685
51361455
51357852
51353389
51349873
51345439
51342037
51337857
51334509
51331497
51327241
51323129
51319167
51315584
51311889
51307777
51303655
51299787
51295731
51291573
51287589
51283473
51279849
51276339
51271908
51268392
51264900
51260608
51256258
51253318
51249154
51245754
51241625
51237222
51233138
51229239
51225081
51220695
51217485
51214029
51210460
51206146
51202330
51198802
51194662
51190212
51185856
51182580
51178222
51174364
51169938
51165866
51161934
51157968
51153507
51149661
51145281
51141465
51137442
51133734
51129966
51126366
51122172
51117997
51113486
51109607
51105206
51101068
51097364
51093316
51089342
51085031
51082044
51077958
51073518
51069678
51065574
51061788
51058188
51054258
51049714
51045240
51041722
51038126
51033964
51030094
51026290
51022102
51017837
51013841
51009923
51005575
51001795
50998123
50994025
50989882
50985658
50982076
50979136
50975296
50971534
50967314
50962900
50959444
50955800
50952884
50948554
50945122
50941744
50938282
50935144
50931856
50927537
50923676
50919476
50915596
50912128
50908744
50904859
50900765
50896669
50892817
50889109
50885545
50881247
50876905
50872525
50868985
50864569
50860180
50856364
50852788
50848462
50845414
50842054
50837545
50834095
50829995
50826381
50822313
50818845
50814751
50810405
50807165
50803905
50799402
50795346
50791424
50787104
50782900
50779010
50774472
50770152
50767020
50762795
50758583
50755107
50750784
50746656
50742924
50738739
50734697
50730539
50726607
50722347
50718248
50715032
50711546
50707262
50703170
50698552
50695144
50691766
50687351
50683391
50679341
50674975
50671093
50667241
50663259
50659539
50655955
50651831
50648441
50644373
50641133
50637401
50633399
50628903
50624727
50620834
50617090
50613598
50609073
50604553
50601469
50597899
50593831
50589975
50586747
50583363
50579313
50575347
50571463
50566967
50562857
50560097
50556308
50552144
50549036
50545050
50541102
50536974
50532298
50528776
50524241
50519960
50515390
50511271
50507728
50503468
50500270
50496003
50492571
50488771
50485147
50481643
50477211
50473471
50469235
50465659
50461495
50457051
50452662
50448696
50444484
50439974
50435942
50432024
50427770
50423672
50419880
50415990
50412702
50408760
50404443
50401091
50396934
50392700
50388275
50383852
50380588
50376697
50372839
50369029
50365033
50360734
50356316
50351784
50348172
50344194
50339954
50336342
50332058
50327909
50323537
50319133
50314709
50310448
50306584
50302213
50298397
50295017
50290913
50287256
50282891
50278598
50275112
50270852
50266409
50263127
50259201
50254917
50250919
50247379
50244379
50241247
50238679
50234318
50230688
50226604
50223892
50220460
50216228
50212699
50208385
50203835
50200685
50197253
50193207
50189497
50185493
50181665
50177969
50174202
50169708
50166348
50162940
50158660
50154522
50150634
50146706
50142110
50138030
50133896
50129634
50125923
50122455
50118048
50114088
50109942
50106378
50102688
50098458
50094326
50090005
50085541
50081739
50078142
50074336
50070824
50068004
50063795
50059639
50056441
50051961
50049117
50045288
50040998
50037842
50033534
50029682
50025626
50021998
50017978
50013631
50009277
50005199
50001449
49996929
49992636
49988824
49985644
49982020
49978996
49974886
49971515
49966963
49962891
49958645
49954925
49951511
49947132
49944360
49940496
49936260
49932564
49929024
49924818
49920682
49916724
49912980
49908864
49904874
49900638
49897230
49892940
49888616
49884311
49880321
49877309
49873102
49868897
49865789
49862441
49858151
49854635
49851239
49846991
49842505
49839577
49835476
49831110
49827168
49822737
49818400
49814674
49810756
49807078
49803138
49798568
49794758
49791098
49787318
49783513
49779245
49775415
49771190
49766749
49762975
49758917
49754497
49750392
49746684
49743176
49739008
49735087
49730965
49726576
49722962
49719441
49715622
49711762
49708198
49704048
49700184
49696048
49691782
49687289
49683455
49679176
49674652
49671222
49667332
49662864
49659217
49655077
49650991
49647241
49643229
49638989
49635103
49631482
49628350
49624296
49620948
49617000
49612940
49608920
49605266
49601255
49597859
49594943
49591203
49586912
49583744
49580007
49575567
49571391
49568007
49564584
49559875
49555495
49551175
49547269
49543185
49539213
49535865
49532368
49529404
49524858
49521600
49518138
49513694
49509788
49506836
49503287
49499132
49495448
49491027
49486869
49483033
49479541
49475296
49471235
49467472
49463104
49458964
49455388
49451482
49448446
49444626
49440458
49436454
49433094
49429140
49425128
49421762
49417475
49413011
49408907
49405523
49401581
49397393
49393215
49389154
49385758
49382254
49378087
49373719
49369535
49365182
49361150
49358018
49355210
49351958
49348826
49345382
49341035
49336799
49333619
49329721
49325997
49322301
49318055
49313675
49310099
49307051
49302611
49299087
49294913
49290854
49286429
49282385
49277789
49273576
49270402
49266620
49262594
49258229
49254323
49250225
49247213
49242584
49238472
49234809
49230621
49226322
49222128
49217835
49213263
49210071
49206291
49202136
49197905
49193554
49189123
49186135
49181959
49179379
49175509
49171043
49166749
49162643
49158932
49155527
49151051
49147481
49143849
49139623
49135634
49131748
49127648
49123342
49119298
49115974
49112542
49109362
49106218
49102726
49098938
49094553
49090599
49086465
49083025
49079319
49075029
49070945
49067615
49063796
49059736
49056247
49051984
49047652
49043415
49038883
49035483
49031091
49026963
49023147
49019241
49014900
49010529
49007049
49002945
48999150
48995078
48990594
48986325
48981942
48977665
48973717
48969628
48966205
48962719
48958556
48955472
48951557
48948017
48944453
48941549
48937116
48934452
48930260
48926836
48922872
48920040
48916230
48912104
48908828
48905648
48901175
48897167
48893711
48889229
48884780
48881552
48877616
48873578
48869760
48865893
48861876
48857789
48854465
48850499
48846657
48842811
48838587
48834433
48830313
48826227
48822327
48818083
48813627
48809411
48806015
48801739
48797653
48793207
48789163
48785671
48781783
48777854
48773165
48768879
48764410
48761044
48757033
48752659
48748269
48744921
48740793
48736830
48733074
48728886
48724501
48720707
48716030
48712420
48708107
48703767
48699675
48695495
48691655
48688451
48684887
48680495
48676894
48672254
48669650
48666230
48662354
48658280
48654905
48650829
48647151
48643767
48639901
48636637
48632455
48628969
48625525
48621381
48617697
48614198
48610796
48606381
48602058
48597746
48593230
48589942
48586702
48582978
48578644
48574743
48570975
48566926
48562836
48558852
48555662
48551288
48547196
48543842
48540326
48536570
48532994
48528953
48524916
48520497
48517293
48513133
48509401
48504814
48500884
48497683
48494028
48490128
48486237
48482667
48478548
48474840
48470464
48467004
48462749
48459641
48455486
48451102
48447112
48444040
48440542
48436838
48433202
48429282
48424954
48421354
48418810
48414542
48410141
48406325
48402437
48398345
48394628
48390487
48386381
48383171
48379610
48375298
48371422
48368698
48364828
48361080
48357174
48353178
48349226
48345525
48341568
48337334
48333845
48329413
48325207
48321819
48318327
48314083
48310093
48306949
48302829
48298692
48294195
48289909
48286030
48282702
48278692
48274588
48270886
48266566
48262963
48258461
48254073
48250086
48246294
48241765
48239077
48235135
48231349
48228240
48223791
48219627
48215219
48211217
48207803
48203371
48199351
48196141
48191693
48187975
48184015
48179887
48175746
48171664
48168124
48164080
48160168
48157132
48152695
48149527
48146491
48142357
48138692
48134278
48130018
48127210
48122914
48118740
48114589
48110353
48106096
48102002
48098205
48094029
48090099
48085462
48081670
48077698
48073702
48069528
48066336
48062700
48058944
48054806
48050377
48046513
48042289
48038515
48034831
48030640
48026509
48022759
48019141
48015011
48011291
48007199
48003363
48000111
47995887
47993211
47989091
47985635
47981881
47977753
47973523
47969178
47964970
47961616
47957794
47954344
47950001
47945919
47941390
47937586
47933029
47929477
47925157
47921093
47917127
47914163
47909724
47906144
47902178
47897670
47893602
47890650
47887254
47884386
47880900
47876457
47873193
47869585
47865869
47861721
47857421
47854141
47851201
47847529
47843110
47839306
47835074
47830990
47826662
47822795
47818547
47814992
47811132
47807556
47803260
47798897
47794771
47790949
47787082
47783104
47779114
47775772
47772364
47768686
47765106
47760708
47757072
47752815
47748456
47744526
47740496
47736044
47732072
47727792
47724246
47721246
47717502
47713409
47709414
47705961
47701658
47697657
47693769
47689488
47685342
47681274
47677206
47673582
47669067
47666008
47661685
47658001
47653869
47649479
47645633
47641511
47637599
47633213
47629394
47625362
47621228
47617051
47612641
47608961
47604729
47600459
47596832
47592920
47588793
47585319
47582163
47577968
47573794
47570614
47566906
47563414
47559326
47555267
47551011
47548141
47544083
47540247
47536043
47531756
47527463
47523404
47519406
47514881
47511215
47507909
47503917
47500273
47495641
47491189
47487577
47483911
47479937
47475677
47471709
47467785
47463210
47459262
47455024
47450448
47446260
47442276
47438748
47434760
47430608
47426326
47421952
47417664
47413479
47410014
47405693
47401397
47398007
47394611
47390699
47386500
47383044
47379120
47374972
47370784
47367032
47362976
47359808
47355770
47352490
47348344
47343690
47339863
47335727
47331681
47327271
47322933
47319003
47315475
47311124
47307046
47303618
47299985
47296007
47292563
47288729
47284692
47280705
47276593
47273107
47269424
47265812
47261223
47257515
47253369
47250285
47246286
47241874
47237724
47233876
47229746
47225790
47221485
47217152
47212974
47209410
47205282
47202054
47198928
47194696
47190176
47187332
47183549
47179652
47175630
47171334
47167418
47164007
47160089
47156105
47151663
47148387
47143996
47140534
47136670
47132290
47128246
47124052
47120092
47115936
47111832
47107450
47103494
47099412
47095135
47090857
47086418
47082560
47078353
47075017
47071569
47068113
47064273
47060342
47056218
47052636
47048306
47044280
47040812
47036263
47033335
47029519
47025597
47022765
47018172
47013720
47010534
47006392
47001991
46998073
46994065
46989624
46986067
46981606
46977811
46974355
46970623
46967149
46962770
46960010
46955762
46952582
46948094
46944435
46940531
46937055
46932831
46928369
46924037
46919747
46916015
46911611
46908191
46904939
46901147
46897891
46894561
46891861
46888693
46885393
46881016
46876948
46873420
46869310
