100000 3000
34045 39948
25091 3248
19431 67610
25403 54962
77462 23489
5651 67505
38378 77899
53089 96494
45107 53568
17460 87841
33075 455
57884 51534
3286 84266
28914 69259
67718 90520
47884 97271
95754 94983
33914 78685
32346 49981
72013 65592
16778 31455
10992 73139
25026 59405
48503 17353
29729 89065
1041 55076
46212 3402
75565 26492
65883 76094
99968 3984
53123 34072
6635 88408
96178 43937
17809 82973
75553 22407
97067 55666
58136 67787
87529 93931
59979 75432
44894 1523
21277 64629
90215 32364
28645 77309
6970 67525
14744 13223
31338 49695
29285 38716
47753 19781
76296 35874
81076 6529
2444 92921
76837 45775
87216 77950
13776 91533
61711 76429
25730 19237
93150 64421
72359 88637
42323 98021
20227 50332
65253 88990
81074 20896
91951 24406
59767 98940
23857 7770
84676 96117
32216 6478
72651 23615
54352 64771
49982 40334
25637 91007
31304 64025
30587 26256
31466 27307
35482 6319
44284 86577
66110 98498
96652 90562
9384 45368
90582 87617
43929 72667
19694 2407
44488 51409
82506 37066
26270 28881
63721 20485
46135 95971
96519 85267
48564 94439
3419 24496
42929 51004
63627 27455
6356 63191
25454 73766
25933 19111
87744 72631
81455 26532
81102 34283
14327 77471
41767 43721
25693 76859
30256 78668
60981 10145
1560 21964
15175 83957
88940 61697
38953 80186
68145 36754
94194 98758
82046 41396
77100 85461
28676 12367
54667 94841
69633 26123
45915 72511
96932 64440
88234 33664
61897 71538
5269 26282
98396 48165
11036 9396
39334 19354
66361 56430
40858 83922
93962 99544
90382 89805
72719 31378
98724 24357
23945 77268
1126 30479
71595 94
4307 4675
56433 82573
5590 38027
49352 74760
19322 34831
41900 2989
73599 4654
94723 38791
49022 72286
44523 65418
84803 98550
23199 70008
35714 37712
67125 60233
15332 2772
87910 41
2863 83107
21558 40266
71913 74536
28023 81165
67174 47260
60770 79241
86187 55002
85469 17856
48856 50436
17832 84707
78115 83710
95349 61536
69402 69097
88309 6468
74315 64078
87533 38121
90574 78325
75176 44626
21262 72498
19138 20871
22961 99107
46381 36703
9271 58758
91440 15801
31028 90309
3698 68410
44747 99535
42864 73531
55167 88933
14672 66455
74131 9529
34071 58620
37470 952
80281 45664
32086 4217
22752 29548
77420 47316
93326 9271
19283 14989
72004 19944
13805 33322
58044 73492
43681 79291
32356 27358
48719 77374
56701 68107
26448 84939
42992 52323
18441 65186
55247 62336
31697 81975
29706 69535
32741 42076
81101 33299
70195 11082
24895 48582
94611 88797
59460 23146
17636 51277
67939 38588
3626 42429
62585 6345
77500 85998
46658 67364
4662 31341
55804 54630
53981 39214
74018 4223
17628 99929
28328 86399
21828 6034
68747 48514
96321 16336
43414 54751
64544 53236
32234 35345
66248 42992
46407 74139
41413 26297
65332 24878
55451 29227
91179 88091
72419 21072
82857 8239
7428 1835
50524 24092
32328 7124
66639 4031
31502 11501
32188 89562
4636 96931
73073 74961
45899 72480
5828 70505
80266 32304
86609 28498
57889 76327
68832 24041
70567 29712
48086 56601
85337 963
52510 7503
98481 36374
76790 50009
81876 35574
56537 62950
24197 66761
39906 62726
61077 95771
8641 62756
12944 75516
8360 95462
46175 57896
46218 33140
993 92228
74367 1022
11407 27429
41553 66808
37872 11338
95588 61031
86211 86254
9150 5870
64219 55622
7453 21797
30718 5347
65467 33734
63008 54174
22737 6141
29980 6354
36335 82802
8108 33174
11232 34342
20573 7105
28121 2956
10230 19688
85457 12815
3038 51215
77758 22911
55608 10750
22048 43577
16211 82209
65105 47330
91387 34660
50238 73453
58364 45939
15660 16478
21899 35952
65720 15696
88174 26261
47971 63679
43372 45832
32340 98333
7556 89565
53806 67576
42435 23525
13924 71613
76739 86954
15066 52035
95590 58534
89358 9728
12563 54558
74982 81762
50700 89550
59700 50752
46779 24110
58473 17127
15418 30777
1974 3749
55426 68728
57171 6715
25923 65544
83895 48875
17151 51324
23617 95753
62541 80489
10678 65917
63890 77288
68450 62631
53539 25861
77956 7554
34295 32006
91494 90451
38339 25557
72701 57552
90843 49980
52431 89735
73197 9747
58606 30227
23255 20393
11143 83845
97497 29426
43730 11095
49534 96967
27819 41063
41257 34967
55043 59412
43576 894
79997 30015
99722 69231
28966 80047
62085 70037
71972 17081
82567 1960
14251 42062
81675 9557
97936 57473
87370 5007
41698 15784
17616 28344
77367 20629
44685 95356
22423 29678
16397 22032
20297 89
404 6845
28258 74361
92870 86442
73945 51012
694 13622
40313 13483
34358 33488
60772 64876
68661 1679
52406 60933
71263 43633
56928 12127
84327 81665
72816 19302
20948 35502
99968 85028
8922 96266
90066 87772
14546 69123
17849 14301
45151 23962
72775 88123
33659 93559
83952 4910
90595 51163
71922 14566
34183 23568
49442 39415
59768 77754
96788 23367
17127 77717
73137 9653
83031 59672
70548 65071
50242 53179
82138 98168
32392 43955
94817 86413
20550 95145
80190 14876
82248 6207
37965 48277
41251 62905
12265 46048
34099 10386
70631 63443
38979 76387
95271 75746
46524 18377
84950 59002
60571 94963
1536 4121
56550 59573
10338 99295
26949 16219
34782 92269
3645 86522
66744 87181
40109 29180
25257 66590
21300 61602
23423 20356
95863 762
85399 5993
64192 15325
37154 11748
18365 36251
49811 50177
9727 98028
75021 75932
37427 36424
90496 26334
17378 4693
87559 74291
52442 57866
18800 78365
4908 1597
65532 56628
77072 93566
36282 94220
65848 68464
67429 14485
69484 13550
20281 46303
20179 45025
56733 46793
74931 99912
84283 12528
64717 13913
76023 88172
11457 63887
99889 22501
48955 82484
69366 41394
67827 54574
1783 9196
49017 48839
4207 58949
52638 47581
49482 81972
41627 41279
47480 30159
81255 20645
46107 28715
99168 4403
98754 11
85638 69195
63417 60922
15806 31329
91769 52956
76480 12277
76687 20094
30566 58435
58553 56902
67175 65660
84929 13052
45078 15842
96256 28015
71313 52338
29725 40693
64475 51633
23408 77057
11669 97566
53099 2685
47909 69852
84362 23391
89918 44703
54559 99676
72365 55044
47380 83666
16371 50858
12348 71156
25457 81317
99689 46614
31089 66943
78513 50935
50520 30344
63483 58338
90262 44219
84070 3468
92736 79549
40552 1461
40946 99548
73996 46769
45102 74770
26830 44822
68489 63147
89340 25064
77848 12351
45736 56975
88892 63191
90631 12548
34480 5307
85617 88185
69254 10449
71783 92936
32771 10555
70172 65965
42012 81302
32003 25399
17101 52727
33654 37769
84440 61967
93954 37182
80031 38497
89923 83847
47460 28497
20930 88649
60406 62233
11372 60427
47856 95618
9444 14787
36207 73879
4574 91065
35720 68900
48818 47684
35216 75221
8026 69622
47211 39518
59301 76299
32943 23678
23644 33842
80740 63751
75781 68475
87324 41845
13443 15509
93221 93093
21470 17248
10984 578
31277 10865
19252 10943
58470 4166
28618 47249
33326 92456
14909 92374
62388 98061
59802 99400
69540 20310
56793 39550
82415 65197
56161 99179
25153 95120
24489 92536
86754 32211
87463 95718
3199 24772
74225 60348
73624 82434
97081 53958
93605 24508
38812 70438
73554 10273
13317 5079
28795 98910
1153 2080
51693 65863
13179 52278
84196 18036
92912 60711
77110 35499
85292 42293
58506 15531
31011 90126
45716 25379
34531 62701
46854 22214
66513 13622
77105 13135
8731 81901
36186 15296
27085 9484
13938 51417
28140 64692
17066 79442
41597 29886
66102 92542
66595 71427
77586 77198
46488 92451
43573 18177
74793 1443
30120 8801
27768 80651
42432 86710
88596 60449
59422 99881
64496 88241
24821 19750
14432 70641
10530 75946
71175 90002
91081 13346
19713 72769
46277 96267
84278 21275
68392 85646
38626 68468
49300 40576
83113 45515
23503 42709
22312 20471
74187 39352
93556 92517
41574 99194
87121 98516
88134 87562
92454 21591
72954 40301
27603 92594
30412 20955
99071 29614
76597 58054
1284 75204
29013 92030
63664 87253
42659 25311
67100 27271
20789 8785
28031 37429
79884 98245
93554 8937
22696 14854
97165 76028
18616 9489
21134 23915
73394 96947
18040 51720
68241 67223
43855 89159
21791 35762
81377 31924
49128 37926
2977 62768
36415 46282
29757 84493
4122 82469
71410 6634
94960 80354
27966 29020
55852 97794
49728 69878
27004 38806
58687 5415
23552 99363
11559 50056
76691 66359
4984 54036
81937 79629
53290 56329
17640 65641
89277 13989
26888 70411
10683 54038
19248 83747
94348 53251
93188 60493
17888 45548
845 37586
35878 84032
23986 49563
57395 53107
9825 97726
88296 51680
74012 96806
29936 52562
51811 30939
26520 9291
34939 42140
39158 49583
23623 59436
54117 70976
95349 78307
83291 45275
4941 47918
73025 62496
84033 87315
47014 72134
11908 80671
72656 55094
23322 20207
30077 32927
27323 64542
21480 30939
59268 88782
80548 63983
37483 31274
39168 56222
39985 13909
65676 48443
12525 32169
55523 31801
35357 86107
21848 32486
51127 29924
5503 77862
85928 75198
15068 8309
94598 68430
6415 31500
19390 44527
98291 71808
83295 15809
91791 53307
38114 42961
75892 34239
5417 3909
27714 45157
69172 76889
50435 33195
13235 31944
90679 34118
76092 81076
90926 81681
44785 88171
83156 72880
64774 24828
14380 3476
73244 36313
20751 74126
12660 66622
2061 7773
64175 74448
84704 36396
28260 44264
11598 48818
56256 9778
27026 52495
51449 8440
91580 76811
55393 15484
99256 25296
58895 90200
43128 630
18829 71496
98 14929
80397 4709
24855 11328
34988 95155
16864 42054
1881 61810
11207 68595
91101 11
16667 13061
26672 10475
57796 60673
6852 6818
85306 90987
26967 81360
12643 82973
56412 49842
5649 82972
63404 87612
47773 83804
88954 74836
42410 37561
96293 51450
43475 25961
63534 90790
82159 50131
1273 66517
70503 55722
2680 33197
43610 46881
19791 55810
9696 52327
1205 31792
69066 34094
10147 84362
85711 76717
99040 87636
34427 44077
28175 77229
79729 54449
21943 9464
58274 45211
38849 14382
6244 75819
67 81490
53892 25952
88803 69685
46905 57989
88467 16225
35989 87134
44158 66181
50015 89303
32486 24612
40938 58812
67635 10121
19176 28241
14541 32070
90587 25332
27075 37363
27319 42990
17759 81762
18170 18514
49694 1275
27706 12254
8454 94008
24791 41566
52618 55708
13166 80154
2914 45740
13983 83295
28631 41832
72564 86235
82399 62578
37704 6007
85530 85540
41455 42286
62512 3153
89951 94675
49438 93946
32774 17863
18932 77904
89244 35255
56040 73612
69453 97408
36045 4880
77258 86034
30349 4845
76280 57756
57029 47157
89593 4615
89376 40075
50984 98641
6094 51237
61196 41856
66430 98412
24748 23330
87504 74832
75979 17560
60416 37957
78372 40476
42160 71888
11012 85509
51760 46035
63115 26243
33662 89570
90721 35064
16934 16789
15940 17352
26510 33862
99474 75875
61799 8613
69904 98412
90277 37942
71485 65777
62577 42299
10784 61130
19767 60802
92805 35521
44974 72208
54444 53392
18272 96546
36996 8018
25944 47468
89896 24853
72911 60354
33838 89463
45534 90805
99769 91261
49601 28499
24637 36848
37871 46534
44897 6494
62063 11174
69324 48604
39888 20716
29305 13637
73277 6101
94733 70859
62480 53291
93349 21434
53139 64094
10514 26327
21833 97089
51543 9478
98204 62824
95747 7534
39508 2311
93927 68565
59023 9680
54723 12511
58494 28853
69171 1943
18025 96519
92926 72143
91159 98601
47217 82765
57737 98613
5119 78312
75154 28495
82995 90696
66717 58354
25217 67898
20975 78011
6959 68052
33963 16468
2843 58213
30265 76932
96327 43767
34290 59039
62654 10129
32732 21794
85503 3475
82796 89942
59305 72499
79363 1216
81008 70502
33472 22471
16046 80051
93689 63374
68030 63771
59686 61784
53296 16893
43967 77743
56900 23235
58931 18115
51168 55043
48177 23690
94702 31616
77545 57551
33702 97992
12868 41826
37438 33038
66562 219
98390 13040
99694 12196
99855 19763
93381 5642
77661 37088
37680 79695
21186 25854
82358 20694
91215 88993
58257 82830
50860 92629
16236 93610
79952 24837
43039 8215
31838 77369
16630 8611
46692 32735
27728 26048
3915 12783
84746 53372
42437 80829
77201 45192
35513 48918
87127 59560
48486 44435
27858 75544
85377 57450
53860 31191
14189 65108
67238 35552
19972 99754
36040 98188
69254 17329
63584 32687
43539 29954
71213 79203
60248 37154
41627 95653
68912 52546
52959 17600
98517 23057
89869 26541
17003 25128
81498 67362
76 79958
42503 75854
49152 55813
21369 44103
29772 87278
1592 76305
41399 28629
58757 69993
1102 28719
72388 22237
76123 13645
92524 79942
54856 51189
76738 97555
83024 77397
86909 97912
19858 11177
53124 44970
88147 84131
52119 91587
51105 38686
2282 25717
80013 2515
60191 64174
68896 93018
17361 40723
86506 3248
77057 82815
55603 22677
71563 24254
19349 16841
23401 36192
91525 84379
96440 70138
70250 1793
61395 90561
658 46161
6940 47810
75291 15305
18539 90241
55118 82914
33214 13332
1523 83507
99220 50706
90569 4064
42024 13171
82280 73881
47387 15943
18993 11971
60033 28485
30120 92025
97775 1246
82595 12433
6320 94263
49293 62023
84120 41543
12706 63111
81420 86361
46605 75038
65238 65770
94882 23976
16713 3869
73393 1337
68456 96972
11204 92882
75806 72406
73029 49674
43098 80365
392 44024
49470 84126
22716 63753
88438 14582
21392 13334
68613 11576
27808 84790
41814 16697
68720 14795
40358 83830
5541 69076
92447 5339
59156 83589
81879 65986
86197 89717
30606 71183
45793 68324
46949 93544
87273 89907
54696 44394
60993 2601
72957 46948
38978 77945
49586 60
43593 91061
58395 22987
76808 66965
78834 75482
40910 84599
75932 50468
3057 63981
92890 8441
89791 75515
85651 32569
1288 77601
34306 30174
24335 42512
89910 91397
61152 26374
20300 29919
87779 61893
33482 12344
67052 52568
52650 35132
29300 31556
89639 81494
80206 98099
60497 99867
73935 47403
30048 7171
70950 39632
38599 98481
68251 63709
36384 51097
88299 93127
87353 47318
42659 23432
63969 72670
63831 32125
16773 21163
76401 81631
64680 38421
40036 69795
54480 28820
16843 92705
55818 71725
70431 77950
43848 19726
71152 60651
28808 82350
46518 396
61949 63003
9984 83801
73865 47886
17588 97236
91544 63399
47527 87811
19605 56306
73389 96929
66454 86439
56928 64437
29666 82075
47420 64028
47385 33185
63048 13347
7304 77358
62602 36178
773 58471
35580 14631
7399 34703
72484 70925
68579 11313
73909 97406
90275 36399
62547 71046
55823 49465
87061 14754
97353 61871
47193 81912
61678 58384
67671 27377
56130 54369
65884 74339
95469 75478
90327 49531
70327 98729
37080 86409
33344 34651
85004 64097
50320 84967
92721 35827
88921 29442
34867 25593
79520 19141
11663 27101
47538 48504
38953 39115
90473 66537
56083 89146
87466 39543
2639 37927
69866 18250
84050 3844
90304 12903
51653 88490
38601 65685
490 61679
98095 23296
81067 2437
25771 21995
29737 33366
27510 27766
68822 80298
28564 54083
94889 12283
11889 93723
50818 27269
19667 36442
21240 30911
57149 44687
99295 46812
94117 946
28110 75855
59980 61850
23283 51854
93277 98703
79539 90796
50597 19744
34758 86948
34678 34754
53448 22694
84801 63526
4577 29956
70617 37645
26533 50817
21436 17157
9568 66804
72254 28490
23905 23173
10512 40463
61948 82054
1315 98155
47264 28537
83349 56006
93476 25222
59070 73464
15689 76649
25323 22373
93184 82121
52948 91263
38639 70021
95784 82356
33077 52599
60706 73567
92597 61650
67580 12120
46299 27788
93692 33660
16062 89792
35469 15304
24302 72526
50825 47540
30810 39777
35289 54255
74240 66232
2725 72636
31778 15587
81828 73591
36849 16947
31840 23133
12240 10456
92815 13287
15142 90471
56785 13067
76370 91732
23990 68562
47741 27348
84846 31397
39506 82833
23421 58500
92540 72506
9696 23713
99431 13253
88491 77122
74617 38356
6813 43534
74491 4883
89501 22739
7026 92808
53048 70840
3694 18228
51778 7976
73285 99982
38674 25831
21241 1110
24124 32239
10857 76396
38337 46269
30869 71774
22404 69132
53787 4215
15845 97032
58931 89813
74852 32748
40904 25718
88899 82801
53353 53811
87717 68861
38063 22387
79639 53667
33424 76838
13097 73399
21610 21668
44677 36562
66503 86754
66983 1569
10650 77678
69256 51236
55826 79434
19671 40251
30539 33718
88792 47799
6871 54515
41059 42244
31833 29653
47184 43887
6679 83616
82036 31871
16825 16356
92985 6855
7762 19036
22529 8223
16935 84952
84175 89672
6870 43410
89175 33809
55389 82869
7094 55837
37650 7143
67161 23182
44451 18462
7020 9612
89307 46688
40418 16426
18187 27561
27966 34165
67600 84452
2794 14067
1921 50190
84816 69129
48599 30449
68855 58597
57458 29131
43719 29005
1621 91808
5734 2870
99491 97642
82127 93091
4703 21733
78573 41575
19175 20983
24276 32157
52431 88330
74454 95668
92134 99618
63677 26712
42452 86035
80037 22923
38879 99281
48914 96464
87261 14376
79206 43516
85566 57019
72516 92964
62075 14309
90967 42719
76424 93295
6560 48647
41359 21555
82363 24729
17549 26181
97155 20592
66959 74738
28002 47123
41434 7579
39649 3820
20471 4593
75282 78920
77930 14111
92784 18199
5559 1199
59402 58734
48860 60970
14080 42878
33942 8582
36048 61154
3629 82161
13522 51296
31325 11249
20870 71723
7302 49258
77494 98200
34562 74220
76842 91256
78993 66970
77075 52753
40596 51545
88019 99272
42188 34375
67950 25059
2257 30013
77834 25049
59018 54639
80174 64253
5342 32366
39323 61239
66531 3140
54689 93083
18385 55268
54422 22769
90005 16104
83790 65615
45075 69940
89818 30520
17926 79790
66544 67442
12906 50212
32977 30139
56827 23020
86943 38415
66758 14850
33941 62720
22139 19118
17471 23398
16106 32247
69008 46180
62965 95516
12238 25462
19939 76969
13618 77620
50926 32053
86689 4656
10255 26901
20242 78611
70933 61108
4713 58176
18514 8177
98036 56092
49909 95835
73550 87034
74381 57238
43504 74227
55566 31481
48654 55767
51832 59778
14373 42700
45044 23137
39132 96675
68732 90888
53959 26697
7376 80007
69603 61602
67066 30698
28037 27507
50850 61889
35904 57074
1326 98702
3754 93528
740 99230
86474 2299
16374 9239
83310 96976
89314 61390
74103 86106
85419 95899
602 26399
29668 24923
90702 44458
89418 33085
46669 44074
52314 56393
4786 80788
70817 35767
65457 2573
92008 6661
46928 2847
10573 50264
25083 23039
86616 77295
15221 91605
59341 20659
79442 52107
94710 47943
54870 36581
36382 55950
1830 2048
74025 32192
90073 54876
13225 83752
92506 74780
32972 92236
52998 27892
71718 19804
89673 80828
50981 53940
60320 81239
79670 19264
83802 74809
7169 44207
76948 55616
92430 13095
90048 72729
2928 933
51597 18123
79610 51767
41427 9642
60467 85704
80266 73741
78025 76206
2493 30278
2830 59248
48345 49756
35799 8402
26191 47984
1647 59559
12073 76440
79517 1504
91273 67550
52399 73736
33589 63596
87472 566
85498 67274
88955 46335
8538 55119
60028 69789
93056 25081
94048 76683
60646 1225
20926 78718
46515 40581
23201 223
32356 34998
62192 61162
41811 83790
50307 23232
92490 39293
62809 44193
75637 56822
15429 23737
70024 66475
41897 59263
25817 75999
97841 77233
47904 24379
62445 58575
51042 56598
91854 15343
40730 51586
36859 53981
61928 4240
10800 11826
91233 95727
73322 32853
58016 1376
7552 81394
90389 8255
27082 8776
89835 83177
96560 40040
19762 16213
56848 48151
62400 34356
65427 60812
32492 93492
12299 54337
32017 25065
98377 64439
87875 54527
72288 98948
32417 76607
53377 13564
9077 5561
29025 23199
15434 23494
97946 18573
22519 3102
71294 41598
88841 85464
89467 52814
19038 56077
86695 10054
2463 87402
27008 41048
4207 14287
30736 11334
99261 44347
87648 91751
37129 18835
70153 41852
63700 42295
44800 45313
42098 91664
54242 55385
58823 19849
83806 41719
22680 34560
913 3580
24763 51412
11169 98900
86055 21370
93467 80993
55686 28978
26926 27507
90636 61832
87260 707
43338 38278
26845 13764
32568 10180
85724 72377
77694 82272
23880 1342
29887 70787
44702 13407
67496 45674
29110 68953
66857 30935
86593 88289
74269 12301
88207 64007
68953 7880
20306 81594
41065 63320
56591 30739
98654 21040
45873 28724
38974 57251
60011 75040
75347 13836
82211 44443
91065 86861
59799 41569
23073 8426
4263 29261
80426 88801
66458 37561
45435 91571
33244 70439
63510 3198
85306 32539
250 24723
12209 88785
72032 36600
88345 22016
31334 61863
12826 34154
68647 93540
10038 82740
2263 56369
41127 73670
77645 40805
52598 31946
27048 50897
63536 61765
58757 83464
62607 60798
2159 52952
61628 71135
51426 81174
75830 93019
87723 12836
93151 11129
46032 35911
99641 56492
52534 95256
11158 32696
42934 50651
67046 63014
74241 52274
2847 14507
21844 12668
97013 65383
60076 18909
4604 76233
81544 3485
90656 39683
47262 84861
23967 77750
5167 70761
65726 83848
3178 97558
17184 72242
9300 60808
24839 4340
40338 58778
37493 81957
48436 58224
34309 87562
51246 50689
62246 55983
99256 83593
94332 60724
58350 48032
81657 72997
16342 96942
75508 23488
18870 36898
33301 19602
59678 98421
88431 70139
36613 57786
71491 9437
91611 81972
23621 79418
26526 22324
83575 4149
67387 15628
69120 24138
79156 86942
92502 43358
73677 5213
20752 65127
48745 63990
23293 94299
70361 39240
52970 30298
22262 14646
94525 63651
33349 61423
37178 22775
82284 88778
59712 95293
8662 46810
52622 41009
20215 12254
77818 1875
90966 53240
60389 26196
89771 59993
92795 47552
58363 3257
36137 55751
22180 20865
89738 3627
35033 58443
12487 20741
17922 43855
42900 18090
2810 43002
69543 60957
85667 78221
76462 4326
27143 45250
44797 84797
20523 19608
20058 53815
58775 88189
84240 4573
98372 46757
31283 87605
38729 98649
6892 88931
37504 22980
99207 92068
32295 68195
75791 70896
25851 49719
67837 82062
50464 69622
67808 86379
47609 69964
19839 5473
46565 560
96669 92394
54826 54229
10763 39235
9772 1834
34568 46030
67762 1189
30176 9551
15906 36780
40144 42031
55279 68107
27267 92033
24299 95738
89321 50219
65803 13385
40805 53266
75231 75895
61246 82774
77485 49772
12756 66784
84585 92990
50362 13125
27321 32205
53924 23498
85710 87109
70660 97900
75913 52865
81969 88568
49521 89547
84360 835
35530 56373
54696 56307
50779 45759
9824 3441
32080 79923
32718 32670
62948 82140
33561 43840
54048 64698
44847 96958
43058 95359
23787 56516
5294 93745
19520 36268
2679 71504
42283 83458
82082 50528
35977 62066
37798 25214
94507 96999
37850 30712
96063 70471
9787 75589
6360 68042
289 41840
70772 81547
12036 50534
22468 48018
20905 13345
28804 3769
97555 44546
93619 30110
32942 18219
29210 84436
40260 62341
52152 87565
40984 38700
7795 8679
72193 31138
71685 7917
992 96226
29256 90804
13544 2776
24185 84032
55421 88702
58586 98890
22489 24130
76532 48559
58132 22216
23210 12452
38900 59803
39618 39515
62458 32558
66344 56654
51948 71362
42184 43306
99102 64951
74191 63668
44623 77362
78014 89685
3782 55700
88974 67619
7191 77522
5959 99599
38139 28890
21850 61253
95176 92118
86600 19462
5411 75538
76396 49799
83368 9526
78082 86674
25687 98977
26924 64736
6114 66537
26592 85599
71540 17891
17867 58862
68892 15822
4900 16282
81560 33337
52236 22813
84947 7765
45375 82735
81893 11019
39482 48941
98627 26007
24511 37390
3759 34564
14060 85930
63563 30567
60312 95551
70298 31536
56545 6971
97219 64447
20572 31333
78987 61989
29087 66402
38288 31720
8123 56731
55940 43187
21159 71960
41377 30311
79268 30944
38646 3652
56476 77227
15001 31658
31032 72674
47374 82069
25332 56267
37771 64737
48368 63921
37103 95191
52858 42797
1815 73783
74175 5029
45130 79602
61354 85339
45578 56447
1500 24937
60118 829
53062 82880
79430 56758
55259 51622
80703 22952
90302 92993
63624 99821
50526 62134
26796 12764
62875 42807
1402 84136
37024 23188
2350 50634
39281 18632
21266 15747
57354 16495
85600 11391
39097 12376
67620 17826
2141 9375
44639 29886
26306 114
47279 33818
66768 8485
74458 46644
19868 91110
20297 50070
2805 91348
89923 78971
35144 21439
58586 71910
41999 94285
21967 82632
74879 67581
38996 91631
70572 4700
97797 8695
73788 82415
79466 20347
88905 74634
12563 36536
46741 12897
36935 79303
641 38752
57834 35010
153 10022
29465 66322
39771 29076
896 89269
46122 21142
65009 97879
2225 8311
2112 58743
21167 77404
35207 42483
8527 36514
14121 25638
75562 17147
67188 89389
91146 82924
74180 25118
19163 96506
89242 67337
73208 74002
32873 99335
70660 66229
5096 18947
95746 30763
77339 8080
4473 40651
12567 85550
44341 24332
28378 90562
38683 51295
97952 65882
97678 14790
42931 72234
67487 6776
66979 82404
43703 15070
38728 36302
52126 12344
14977 46564
41995 77227
54781 46096
61124 65037
28963 69152
72288 72620
73937 9122
88496 52701
22609 9545
68776 51789
42849 73862
38064 34121
94770 41298
42676 76281
7396 46257
6866 17461
58304 86935
47214 66133
38227 94944
45940 22530
12948 48843
90100 81298
69713 41531
45372 70348
48749 37020
9691 39604
64656 2312
20021 17008
85987 9968
15963 13179
10786 78238
35310 35436
47505 28184
78240 50808
4790 12008
11294 99084
52105 91866
50905 27978
95602 33033
68974 63943
51206 45425
83289 79464
68104 25901
40837 77986
12877 51218
27147 54388
6457 46594
89293 98116
50593 91172
38338 26711
39751 81814
90512 91690
69739 75955
51825 40073
78402 71842
61098 27958
87278 8416
79004 19230
95115 75112
28649 41582
33985 46569
47646 93983
35199 13748
57276 43182
25320 34097
2483 74530
38086 27100
64728 52173
15028 7167
95606 61471
5608 84425
69644 97974
12316 94710
98444 36503
16890 31903
48663 42930
43514 15769
58851 31692
97088 2212
66766 17356
18935 13854
14603 88927
1989 79496
49646 26659
95867 27694
71595 92420
95638 25557
47098 18692
50946 58509
39851 3104
64290 96748
92038 13341
55912 11511
68015 34841
24519 35554
977 2790
63961 64958
89873 95202
1320 36979
68798 95432
75922 60979
99446 27328
36854 24180
45590 47408
51107 56355
41992 85634
12136 68516
47740 84412
57660 1511
3187 38743
97553 98271
28185 54313
10924 4431
95374 56484
36077 14849
950 2100
25526 61666
70586 7415
44916 75873
6893 4804
15358 52357
32846 63469
35197 95522
52767 12825
63627 65445
53739 73799
27957 46113
97724 13653
17430 504
46330 69523
69658 55054
53041 59170
45942 39880
98671 79193
49610 60801
21297 34724
61028 88460
24045 23298
52876 78911
30071 34631
25163 8316
20410 96202
19289 78270
68120 267
22211 64403
40848 48473
55121 64136
37105 82866
52826 28071
28546 35778
46016 97874
33689 59210
27333 96126
92752 20214
22895 32430
56370 39718
28658 60612
1607 26175
48830 15320
72784 43719
41760 70852
65408 76607
81538 38382
5562 8439
65355 45179
71046 10313
1902 15503
47812 36053
57274 29788
12696 93019
24015 40462
49304 28566
55987 57258
32724 71964
22090 83832
8801 64900
57842 37373
44219 60053
36049 61819
15330 59881
81576 6010
5335 23047
13807 31229
39810 95798
5207 57257
72732 16792
2848 56354
40910 25030
54898 83496
63163 88470
94194 62341
49743 4862
45716 36766
65055 65819
44195 93088
30571 83282
58457 42924
94820 27796
7913 23223
85756 11040
54594 94823
71730 3376
43715 19669
24263 58081
29684 65802
95461 43982
58735 66457
28872 16589
53902 66175
88498 73362
69081 79708
73437 62894
74517 7940
7060 16074
22743 44245
83226 2731
67397 17217
13002 64381
45111 40630
96639 67853
79985 34098
78983 45508
55863 3871
65672 82394
47947 70040
82381 32662
58859 55037
48374 73120
72175 19488
54526 50530
1755 26131
98321 39124
99033 8458
64867 87681
70377 11075
97803 80124
4518 62138
1641 15019
29250 1223
60155 99074
29339 64198
66265 54156
554 73082
73407 53226
3168 17887
61729 2397
927 23859
84212 94469
65987 43521
23174 34973
94023 72666
96000 63632
30720 61098
93361 1082
54879 36776
68725 20796
14746 94859
53818 10675
16414 27552
60560 95626
55711 48743
11723 4306
54215 18304
27126 1342
34465 10621
10305 31323
63843 95700
41742 21661
32928 98283
96417 39990
5816 91776
50191 90392
81345 45860
45540 78871
31305 51776
777 30462
34794 61136
94603 41249
66975 92215
45909 91179
95100 13699
47984 14949
41173 30370
89576 46795
15321 52957
46735 16901
85182 59873
18782 33735
22126 26307
85112 25069
23935 56505
12673 64714
26923 28888
40106 71009
5878 44107
52504 65549
26601 25462
65086 36142
15326 75705
58989 17333
3592 16649
5820 59538
42427 84849
37625 8448
51394 21397
62792 61776
29104 74812
41735 52229
29704 76673
3507 59566
90135 5925
67612 29449
16746 42093
88479 2893
69503 71930
75259 67711
98507 75658
32740 85896
40249 84157
97920 55662
8288 15708
42183 32022
63235 96986
79749 84269
34657 40358
1418 65593
31877 92796
80427 16678
27812 33686
55175 84426
37127 5682
53607 38386
78721 82231
28048 18032
4066 87299
52444 1597
4982 6609
39529 81831
5486 71783
26344 18851
2886 4067
99119 25567
84183 27590
55572 65406
78246 17932
21125 83500
64976 62402
99650 74695
71851 7736
86266 10692
2273 48097
75310 34003
47309 87828
73024 90370
71480 6239
63456 78304
45123 77505
83984 58959
33929 65064
55696 80114
192 13067
83413 14257
51868 58019
79289 31223
83550 30888
35654 82658
85824 48795
88534 58336
86356 1643
9887 56477
59630 40483
93119 14833
27629 89696
15727 89733
48994 79264
58229 60589
98966 71695
27758 68030
74321 26400
86973 12597
51224 95811
802 77041
87880 15224
99552 28233
63937 42977
80044 73845
45346 59972
64715 2230
23024 20625
78686 13028
99913 97441
83090 81032
48897 35028
24713 67489
95869 84579
92877 25292
43311 44718
39829 27442
76648 18023
57413 75969
86872 92896
64933 84496
2269 49271
80507 74223
86642 22596
48611 72757
66058 42124
55965 22679
27244 5025
6713 7287
30209 87431
15157 55049
43920 47973
64222 60530
30107 19574
90179 8097
12618 93351
91893 95376
95272 9819
6335 30026
22419 87596
56651 9026
46524 80524
88242 94891
55347 553
6823 71448
86527 40535
57390 18271
40185 69539
92820 57581
38322 88419
45176 49690
94948 10829
10748 23301
26857 93183
52278 7295
13488 78008
32841 35316
55258 18376
7467 95142
91653 69574
4392 21610
62743 70602
82233 43274
27657 98595
18252 42360
98394 39972
79190 8340
53886 72439
6696 29117
14939 2154
41650 43219
52167 75047
79452 68043
31314 70094
37311 2135
17340 18871
51485 960
36449 12667
10328 92508
29269 64804
61094 13304
47381 57039
61480 47290
10684 24948
22112 88029
20057 84340
23616 35358
68639 33433
24845 3998
42710 80643
37050 97198
59834 83446
17249 64869
46744 78870
40240 97707
27382 23148
43511 25793
45170 34424
90663 42454
28109 28320
82012 89017
20814 7280
80599 93696
94740 56049
12398 49916
85454 4387
23320 45961
87509 15776
14675 78149
54704 5789
16105 49611
33159 90619
93532 83837
98986 80620
71861 88279
84351 16580
52060 93800
13892 28002
9970 53333
92868 70815
87908 57288
54431 34399
90960 70434
83626 84656
11800 32822
60803 71072
69872 67362
58090 57337
76088 79164
25145 82980
78638 14413
36861 28138
12775 26510
77244 54053
67654 23343
54118 12314
8909 57917
80959 32988
24158 43369
27128 34016
85521 40178
88358 86229
92776 59758
24496 92325
59875 14118
13012 48433
88963 54054
96365 45619
87206 90205
39147 16402
79477 20548
10339 83044
96781 98590
60449 18086
24014 29018
30209 87186
8999 73154
76901 10711
98912 60987
58893 25513
3035 46774
18241 88905
78011 66957
30538 62150
55750 26395
21584 20985
85441 49775
65047 23895
43417 2086
57713 16774
15366 70593
3819 84023
75326 2939
55417 75097
88942 33928
48432 99229
55789 20652
36885 83332
16697 46268
89435 13039
30868 61180
19169 16011
58489 10509
97714 3809
88029 72009
56925 49445
40556 68773
65489 16052
83563 91000
80167 82863
98161 15423
85017 14505
81843 63177
56926 26323
57808 3699
96626 62678
73102 19837
16254 513
45029 93702
7233 64799
81711 7183
9792 18674
16364 94109
89411 84985
7807 42677
25268 5401
37069 56711
60320 79159
92104 97008
61282 34156
2124 42317
91509 21540
49243 45565
791 62092
18531 17895
98305 29175
24548 38829
43042 92696
1636 70594
50022 99060
13941 96797
95540 91423
45699 81968
5076 33350
21383 36846
51367 33682
72887 95580
97411 53534
1559 47995
21581 29695
93679 94397
91018 96811
5532 29038
79041 46633
37720 28011
41622 18762
3913 41411
12327 98388
28119 44742
6448 46522
56997 46547
53594 61772
23867 92731
3687 79142
29795 68752
92238 54135
58537 67102
84798 52028
61407 6284
94046 15369
51770 217
93264 75870
2152 24811
92120 76200
97420 67717
69554 12973
10415 10440
87777 77786
76211 39175
14024 66849
67943 79671
21885 3771
4835 64312
98769 15945
76350 94135
42216 30927
43816 17194
88741 83238
36796 5956
87032 3179
58559 77790
97702 41106
24393 14185
64188 60276
82189 53783
4279 76151
1609 23420
77622 11417
30176 77554
85117 42838
71967 5326
2411 45133
53991 2708
85787 17132
14691 31155
19314 47750
24542 7721
88222 25974
47472 42589
72931 56543
43451 43134
13313 72966
68594 11867
5016 30503
20674 87906
43535 97858
6773 525
60870 60230
63323 29468
97196 19046
31079 2213
41655 16797
15118 77549
20202 93559
93165 71207
5419 62829
60622 86929
5986 27497
80485 70840
60972 48726
90775 56244
56235 28908
54858 24505
10827 40195
6547 24016
21882 60717
23634 87840
28019 37830
69506 4716
48444 5324
62445 97551
82014 78607
34260 68821
2155 54022
47645 10583
36020 3627
44960 29329
67944 12751
2076 96659
69917 9763
91404 24291
20313 80749
65448 93189
47081 42078
14453 9769
14786 62371
6763 29824
3837 53995
5471 54665
7049 81959
78870 57392
88581 85259
47103 25642
9082 72757
43788 75585
35258 56633
97626 59364
73838 16618
97632 44127
95255 71279
98946 61133
31067 19318
12755 9486
69887 75254
55365 47500
13862 19301
11461 24823
73454 6491
48404 48266
17702 34979
73014 89837
33207 16041
10990 51673
15043 13601
75656 14918
54153 57874
41696 30047
97655 61738
9923 80388
12036 854
79783 8343
87316 33088
95992 5716
57964 53381
82648 38436
93127 54878
14923 88177
44091 23168
89541 27875
43371 1334
82640 74861
39736 23167
60519 95653
52015 16079
35380 1588
12214 42677
90588 34143
72047 93860
66779 20687
2874 90404
58573 22941
31746 81892
5756 21262
98242 96087
28888 89110
21074 26496
90411 61057
47871 46763
89976 56918
45072 12222
5970 67696
82559 88440
54305 37607
35413 20278
11124 32888
53164 2390
15132 23234
78061 75544
40531 18033
60437 73055
96886 34537
79383 44661
269 80109
63109 41586
8270 4931
68523 53321
73304 78994
68292 32826
45395 21487
23993 32138
57289 79862
74300 76276
17872 36871
80865 39105
23273 6248
14421 43980
45012 15830
29219 13444
16817 95197
84966 38749
87642 15928
66877 93802
49067 21421
96616 39725
71018 36147
70350 98535
4547 75448
97989 82288
78918 89532
60145 5295
83603 56839
98360 2044
56771 38241
19952 49598
25997 81560
33741 45724
97999 29810
80503 11480
92400 45005
76669 41059
25456 92685
61285 90319
92363 97414
28740 443
61870 82640
70869 52836
65620 81898
68853 88257
29167 26438
68318 35766
60537 50762
23804 80753
27413 17044
78715 69043
10615 48464
39676 94170
42376 82799
55320 99714
90778 577
34872 26714
30775 66458
84495 60865
28445 62425
63572 7978
44433 51817
50967 23431
54147 10696
41071 19593
30760 62916
67960 63123
29778 23538
99971 76674
47721 67546
13492 4423
40807 41215
49771 44655
78711 39288
98534 51213
39370 79202
36922 9407
30065 98558
52464 88151
28468 46073
31548 83105
7974 39261
93424 32022
97843 58459
50375 4569
13850 6553
58371 91269
77489 23051
2188 79464
81921 81206
22502 86675
12193 59775
73019 43516
73320 35402
51761 5720
53745 28686
50131 28204
39528 27562
22109 17468
82370 7656
91685 71263
88926 93623
27899 27250
57754 97343
32986 15193
29693 600
95302 97699
41500 31595
31994 65301
21871 97754
83659 85291
23515 23978
64231 85322
92065 9035
79075 25414
59895 91295
42807 62374
85348 20762
32402 2901
92386 61881
58107 56221
69432 18097
82952 85210
48589 66092
20331 19821
77731 53060
66334 27593
67952 732
76325 51357
53703 73903
58978 34966
17882 6015
90995 29471
21537 72826
70164 22455
93207 72959
80325 78660
55157 7854
56493 44820
41930 38
12570 31933
59164 2528
90577 78514
43097 20062
92232 49870
65184 92167
35725 85079
6706 25085
69335 68807
50657 25838
9856 71990
65463 38762
43663 26558
32304 46252
76406 88136
62321 71313
34830 72374
14813 81523
54328 12217
46713 53041
81657 39541
2527 27944
50538 77875
80855 23957
41545 34745
43604 81848
34919 12746
45936 39355
85696 81388
10667 33594
33287 98572
52519 97374
44130 15548
81823 6319
59553 99377
69032 64779
88552 8573
14161 2049
29252 25423
4825 64076
31863 41324
27082 324
95964 8056
15702 58728
48431 34357
33517 12857
19002 99960
93797 53763
17744 48173
77261 81939
11480 55019
32879 72263
33872 3817
6020 62196
74172 47010
62324 61427
28446 34667
29961 41422
11850 36623
83554 60411
17775 56784
6828 78432
370 20048
86594 98464
79445 83222
56044 17343
707 58840
33028 56535
95829 88944
24111 30507
41896 41217
29992 16566
12392 34457
48875 17236
68966 74832
36261 66047
10335 88867
84404 68866
33697 2091
67620 56455
54602 994
64038 63839
38524 14827
50322 29941
