100000 300
0 3333
3333 6666
6666 9999
9999 13332
13332 16665
16665 19998
19998 23331
23331 26664
26664 29997
29997 33330
33330 36663
36663 39996
39996 43329
43329 46662
46662 49995
49995 53328
53328 56661
56661 59994
59994 63327
63327 66660
66660 69993
69993 73326
73326 76659
76659 79992
79992 83325
83325 86658
86658 89991
89991 93324
93324 96657
96657 99990
99990 103323
103323 106656
106656 109989
109989 113322
113322 116655
116655 119988
119988 123321
123321 126654
126654 129987
129987 133320
133320 136653
136653 139986
139986 143319
143319 146652
146652 149985
149985 153318
153318 156651
156651 159984
159984 163317
163317 166650
166650 169983
169983 173316
173316 176649
176649 179982
179982 183315
183315 186648
186648 189981
189981 193314
193314 196647
196647 199980
199980 203313
203313 206646
206646 209979
209979 213312
213312 216645
216645 219978
219978 223311
223311 226644
226644 229977
229977 233310
233310 236643
236643 239976
239976 243309
243309 246642
246642 249975
249975 253308
253308 256641
256641 259974
259974 263307
263307 266640
266640 269973
269973 273306
273306 276639
276639 279972
279972 283305
283305 286638
286638 289971
289971 293304
293304 296637
296637 299970
299970 303303
303303 306636
306636 309969
309969 313302
313302 316635
316635 319968
319968 323301
323301 326634
326634 329967
329967 333300
333300 336633
336633 339966
339966 343299
343299 346632
346632 349965
349965 353298
353298 356631
356631 359964
359964 363297
363297 366630
366630 369963
369963 373296
373296 376629
376629 379962
379962 383295
383295 386628
386628 389961
389961 393294
393294 396627
396627 399960
399960 403293
403293 406626
406626 409959
409959 413292
413292 416625
416625 419958
419958 423291
423291 426624
426624 429957
429957 433290
433290 436623
436623 439956
439956 443289
443289 446622
446622 449955
449955 453288
453288 456621
456621 459954
459954 463287
463287 466620
466620 469953
469953 473286
473286 476619
476619 479952
479952 483285
483285 486618
486618 489951
489951 493284
493284 496617
496617 499950
499950 503283
503283 506616
506616 509949
509949 513282
513282 516615
516615 519948
519948 523281
523281 526614
526614 529947
529947 533280
533280 536613
536613 539946
539946 543279
543279 546612
546612 549945
549945 553278
553278 556611
556611 559944
559944 563277
563277 566610
566610 569943
569943 573276
573276 576609
576609 579942
579942 583275
583275 586608
586608 589941
589941 593274
593274 596607
596607 599940
599940 603273
603273 606606
606606 609939
609939 613272
613272 616605
616605 619938
619938 623271
623271 626604
626604 629937
629937 633270
633270 636603
636603 639936
639936 643269
643269 646602
646602 649935
649935 653268
653268 656601
656601 659934
659934 663267
663267 666600
666600 669933
669933 673266
673266 676599
676599 679932
679932 683265
683265 686598
686598 689931
689931 693264
693264 696597
696597 699930
699930 703263
703263 706596
706596 709929
709929 713262
713262 716595
716595 719928
719928 723261
723261 726594
726594 729927
729927 733260
733260 736593
736593 739926
739926 743259
743259 746592
746592 749925
749925 753258
753258 756591
756591 759924
759924 763257
763257 766590
766590 769923
769923 773256
773256 776589
776589 779922
779922 783255
783255 786588
786588 789921
789921 793254
793254 796587
796587 799920
799920 803253
803253 806586
806586 809919
809919 813252
813252 816585
816585 819918
819918 823251
823251 826584
826584 829917
829917 833250
833250 836583
836583 839916
839916 843249
843249 846582
846582 849915
849915 853248
853248 856581
856581 859914
859914 863247
863247 866580
866580 869913
869913 873246
873246 876579
876579 879912
879912 883245
883245 886578
886578 889911
889911 893244
893244 896577
896577 899910
899910 903243
903243 906576
906576 909909
909909 913242
913242 916575
916575 919908
919908 923241
923241 926574
926574 929907
929907 933240
933240 936573
936573 939906
939906 943239
943239 946572
946572 949905
949905 953238
953238 956571
956571 959904
959904 963237
963237 966570
966570 969903
969903 973236
973236 976569
976569 979902
979902 983235
983235 986568
986568 989901
989901 993234
993234 996567
996567 999900
